1 34
1 46
1 77
1 166
1 172
1 173
1 178
1 180
1 183
1 184
1 185
1 224
1 672
1 714
1 717
1 998
2 34
2 46
2 150
2 166
2 169
2 171
2 176
2 177
2 178
2 179
2 184
2 561
2 635
2 898
2 909
2 966
3 142
3 220
3 239
3 536
3 653
3 657
3 662
3 663
3 666
3 829
4 6
4 39
4 61
4 92
4 509
4 649
4 650
4 653
4 667
4 668
4 710
4 718
4 797
4 850
4 869
4 992
5 37
5 58
5 76
5 139
5 145
5 543
5 550
5 650
5 658
5 662
5 903
6 39
6 62
6 77
6 337
6 649
6 658
6 663
6 668
6 710
6 823
6 902
6 919
7 17
7 22
7 145
7 170
7 214
7 217
7 441
7 546
7 647
7 704
7 745
7 746
7 865
7 940
7 942
7 951
7 986
8 25
8 26
8 76
8 86
8 151
8 165
8 206
8 517
8 625
8 758
8 812
9 26
9 86
9 145
9 406
9 527
9 656
9 845
9 896
10 15
10 37
10 80
10 120
10 181
10 233
10 270
10 532
10 563
10 661
10 664
10 679
10 694
10 791
10 805
10 809
10 818
10 826
10 991
11 13
11 14
11 28
11 69
11 76
11 146
11 351
11 470
11 631
11 768
11 814
11 837
11 856
11 920
11 932
12 18
12 22
12 24
12 181
12 191
12 206
12 374
12 421
12 535
12 559
12 643
12 781
12 802
12 848
12 911
12 917
12 941
12 973
13 29
13 31
13 150
13 173
13 466
13 655
13 738
13 768
13 900
13 969
14 27
14 34
14 249
14 275
14 394
14 406
14 494
14 504
14 563
14 633
14 656
14 665
14 690
15 26
15 76
15 83
15 95
15 221
15 665
15 673
15 691
15 722
15 752
15 854
15 932
15 988
16 17
16 33
16 80
16 108
16 111
16 112
16 113
16 115
16 120
16 123
16 127
16 128
16 132
16 133
16 137
16 143
16 191
16 236
16 304
16 432
16 485
16 498
16 502
16 525
16 550
16 765
16 795
16 804
16 872
16 896
16 898
17 21
17 24
17 38
17 102
17 132
17 149
17 170
17 181
17 246
17 253
17 305
17 429
17 519
17 592
17 665
17 682
17 684
17 688
17 787
17 842
17 859
17 860
17 907
17 911
18 232
18 233
18 508
18 665
18 745
18 860
18 901
18 992
19 28
19 42
19 45
19 69
19 78
19 80
19 88
19 101
19 123
19 144
19 146
19 161
19 174
19 189
19 192
19 200
19 206
19 207
19 225
19 238
19 242
19 290
19 308
19 327
19 360
19 374
19 476
19 540
19 610
19 618
19 633
19 679
19 688
19 691
19 722
19 756
19 759
19 765
19 773
19 774
19 811
19 817
19 873
19 905
19 930
20 138
20 170
20 213
20 258
20 400
20 513
20 557
20 599
20 600
20 656
20 862
20 952
21 38
21 56
21 59
21 67
21 72
21 78
21 80
21 113
21 145
21 167
21 168
21 174
21 203
21 206
21 220
21 238
21 254
21 425
21 503
21 520
21 526
21 540
21 682
21 691
21 697
21 713
21 730
21 758
21 775
21 784
21 806
21 820
21 836
21 839
21 871
21 884
22 33
22 77
22 148
22 170
22 207
22 303
22 526
22 627
22 656
22 693
22 715
22 807
22 867
22 879
22 947
22 993
23 24
23 95
23 163
23 170
23 223
23 384
23 386
23 396
23 469
23 476
23 641
23 664
23 750
23 821
23 988
24 30
24 68
24 124
24 131
24 167
24 226
24 295
24 299
24 495
24 661
24 706
24 794
24 809
24 935
24 956
24 998
25 30
25 76
25 162
25 207
25 460
25 496
25 538
25 599
25 885
26 133
26 140
26 157
26 165
26 239
26 401
26 661
26 745
26 786
26 847
26 853
26 877
26 900
26 932
26 945
26 982
27 52
27 56
27 142
27 181
27 206
27 216
27 227
27 233
27 237
27 550
27 586
27 635
27 647
27 661
27 665
27 673
27 682
27 698
27 722
27 760
27 820
27 823
27 824
27 830
27 910
27 911
28 31
28 111
28 181
28 182
28 285
28 354
28 499
28 700
28 745
28 758
28 799
28 809
29 33
29 72
29 76
29 80
29 101
29 110
29 131
29 148
29 150
29 167
29 168
29 206
29 228
29 238
29 239
29 244
29 249
29 304
29 325
29 343
29 450
29 550
29 568
29 644
29 647
29 660
29 667
29 679
29 688
29 691
29 739
29 753
29 785
29 786
29 800
29 801
29 850
29 855
29 865
29 873
29 911
29 920
29 932
29 948
29 980
30 131
30 490
30 526
30 673
30 691
30 845
31 101
31 145
31 150
31 328
31 373
31 387
31 480
31 664
31 666
31 743
31 995
32 50
32 77
32 176
32 177
32 178
32 180
32 185
32 244
32 477
32 932
33 49
33 74
33 112
33 113
33 116
33 117
33 119
33 123
33 126
33 127
33 129
33 130
33 133
33 135
33 139
33 196
33 241
33 250
33 490
33 559
33 602
33 874
34 51
34 151
34 166
34 169
34 171
34 173
34 176
34 178
34 179
34 180
34 186
34 316
34 504
34 683
34 697
34 994
35 44
35 45
35 47
35 48
35 52
35 53
35 187
35 188
35 190
35 193
35 194
35 195
35 197
35 198
35 199
35 202
35 204
35 209
35 211
35 212
35 219
35 223
35 788
35 798
36 404
36 550
36 624
36 627
36 631
36 633
36 636
36 637
36 639
36 646
36 671
36 697
37 62
37 155
37 237
37 653
37 657
37 661
37 662
37 735
37 780
38 69
38 76
38 78
38 80
38 87
38 88
38 123
38 149
38 150
38 151
38 174
38 189
38 206
38 207
38 213
38 222
38 243
38 346
38 372
38 452
38 501
38 523
38 526
38 529
38 571
38 660
38 679
38 694
38 696
38 722
38 727
38 734
38 761
38 813
38 825
38 845
38 848
38 863
38 873
38 910
38 937
38 955
38 960
38 961
39 127
39 451
39 553
39 648
39 651
39 657
39 667
39 794
40 67
40 85
40 117
40 141
40 165
40 207
40 240
40 349
40 405
40 448
40 658
40 723
40 746
40 839
40 857
40 920
40 932
40 933
41 71
41 100
41 140
41 154
41 157
41 191
41 230
41 303
41 411
41 440
41 463
41 650
41 652
41 722
41 734
41 739
41 780
41 791
41 839
41 884
41 905
41 911
42 59
42 148
42 161
42 182
42 386
42 505
42 521
42 682
42 812
43 69
43 155
43 167
43 207
43 375
43 419
43 465
43 691
43 761
43 943
44 45
44 47
44 48
44 52
44 53
44 190
44 193
44 194
44 195
44 196
44 197
44 198
44 199
44 201
44 204
44 207
44 208
44 210
44 212
44 823
44 833
45 47
45 48
45 52
45 130
45 187
45 188
45 190
45 193
45 194
45 195
45 196
45 197
45 198
45 201
45 202
45 203
45 208
45 209
45 210
45 211
45 212
45 746
46 50
46 159
46 166
46 173
46 176
46 183
46 184
46 234
46 746
46 902
46 994
47 48
47 52
47 187
47 188
47 190
47 193
47 195
47 196
47 197
47 199
47 201
47 204
47 208
47 209
47 210
47 212
47 376
47 687
47 876
48 52
48 53
48 88
48 187
48 188
48 190
48 193
48 195
48 196
48 197
48 198
48 200
48 202
48 203
48 204
48 208
48 211
48 212
49 56
49 76
49 82
49 143
49 157
49 217
49 235
49 243
49 244
49 246
49 248
49 286
49 301
49 373
49 411
49 472
49 540
49 642
49 738
49 758
49 773
49 834
49 855
49 872
49 882
49 899
49 907
50 51
50 165
50 166
50 169
50 178
50 183
50 603
50 872
50 934
51 169
51 172
51 173
51 177
51 180
51 473
51 778
52 187
52 188
52 193
52 194
52 195
52 196
52 198
52 199
52 201
52 204
52 208
52 209
52 210
52 211
52 426
52 880
53 154
53 188
53 193
53 195
53 196
53 197
53 198
53 199
53 201
53 209
53 210
53 212
53 412
53 685
54 55
54 200
54 410
54 624
54 634
54 637
54 642
54 643
54 644
54 645
54 646
54 655
54 884
55 63
55 164
55 207
55 228
55 496
55 623
55 625
55 630
55 631
55 638
55 639
55 642
55 644
55 645
55 653
56 91
56 95
56 119
56 151
56 168
56 207
56 224
56 226
56 239
56 240
56 249
56 255
56 344
56 360
56 368
56 394
56 470
56 488
56 517
56 586
56 654
56 658
56 679
56 688
56 693
56 762
56 772
56 829
56 831
56 841
56 953
57 553
57 620
57 623
57 626
57 627
57 631
57 633
57 636
57 638
57 646
58 100
58 110
58 197
58 648
58 662
58 668
58 845
58 909
59 69
59 70
59 80
59 95
59 100
59 110
59 122
59 145
59 168
59 174
59 200
59 207
59 237
59 345
59 353
59 456
59 461
59 479
59 503
59 518
59 540
59 550
59 557
59 691
59 694
59 698
59 701
59 705
59 714
59 739
59 741
59 748
59 766
59 768
59 776
59 796
59 797
59 802
59 807
59 835
59 869
59 916
60 61
60 221
60 496
60 656
60 673
60 681
60 685
60 690
60 742
60 751
60 758
61 112
61 145
61 218
61 482
61 514
61 534
61 548
61 673
61 675
61 676
61 678
61 680
61 687
61 690
61 742
61 810
61 826
62 68
62 74
62 135
62 166
62 440
62 508
62 519
62 650
62 651
62 657
62 662
62 663
62 668
62 686
62 742
62 818
63 65
63 673
63 675
63 677
63 693
63 760
63 845
64 427
64 532
64 677
64 681
64 684
64 685
64 691
64 768
64 848
64 938
65 163
65 236
65 502
65 557
65 560
65 673
65 677
65 683
65 692
65 849
65 871
66 77
66 78
66 91
66 101
66 176
66 207
66 243
66 512
66 613
66 655
66 679
66 712
66 772
66 830
66 902
66 974
67 214
67 238
67 390
67 513
67 540
67 679
67 736
67 832
67 835
67 852
67 884
67 995
68 221
68 315
68 357
68 540
68 550
68 570
68 679
68 714
68 893
69 76
69 83
69 88
69 101
69 110
69 151
69 167
69 181
69 189
69 192
69 214
69 220
69 221
69 229
69 416
69 461
69 514
69 529
69 660
69 688
69 698
69 707
69 746
69 827
69 865
69 902
69 943
69 952
69 988
70 80
70 87
70 107
70 167
70 214
70 468
70 480
70 567
70 730
70 773
70 787
70 844
71 76
71 117
71 142
71 168
71 493
71 691
71 791
71 859
71 874
71 938
71 954
72 192
72 214
72 250
72 293
72 529
72 535
72 660
72 688
72 722
72 767
72 780
72 815
72 818
72 824
72 845
72 982
73 74
73 168
73 189
73 200
73 505
73 635
73 638
73 656
73 659
73 865
73 902
74 151
74 189
74 236
74 238
74 250
74 684
74 763
74 817
74 937
74 954
75 76
75 88
75 89
75 167
75 218
75 220
75 221
75 404
75 416
75 863
75 908
75 973
76 87
76 127
76 150
76 151
76 161
76 174
76 181
76 185
76 191
76 200
76 206
76 207
76 214
76 220
76 227
76 229
76 232
76 234
76 378
76 384
76 500
76 501
76 515
76 517
76 523
76 545
76 550
76 656
76 691
76 708
76 721
76 745
76 793
76 831
76 898
76 945
77 78
77 113
77 131
77 142
77 145
77 152
77 189
77 191
77 206
77 207
77 214
77 221
77 223
77 268
77 301
77 316
77 497
77 501
77 532
77 550
77 660
77 688
77 702
77 720
77 736
77 738
77 758
77 774
77 786
77 793
77 859
77 877
77 889
77 933
77 979
78 131
78 174
78 175
78 191
78 238
78 243
78 248
78 263
78 351
78 503
78 527
78 550
78 590
78 632
78 691
78 742
78 760
78 761
78 766
78 832
78 856
78 991
79 81
79 83
79 91
79 92
79 93
79 97
79 98
79 99
79 100
79 102
79 103
79 104
79 105
79 175
79 205
79 217
79 286
79 369
79 533
79 629
79 638
79 652
79 654
79 718
79 733
79 790
79 847
79 867
80 97
80 110
80 139
80 142
80 156
80 191
80 206
80 414
80 563
80 583
80 640
80 646
80 648
80 657
80 660
80 674
80 697
80 699
80 731
80 765
80 787
80 829
80 854
81 82
81 86
81 89
81 96
81 98
81 99
81 102
81 104
81 654
81 733
81 742
81 799
82 96
82 97
82 98
82 100
82 101
82 104
82 182
82 189
82 205
82 652
82 654
82 804
82 856
83 84
83 85
83 86
83 92
83 96
83 97
83 98
83 99
83 100
83 103
83 104
83 105
83 106
83 110
83 175
83 182
83 221
83 455
83 488
83 625
83 629
83 652
83 654
83 717
83 795
83 865
84 91
84 98
84 102
84 104
84 200
84 460
84 581
84 629
84 652
84 654
85 86
85 89
85 90
85 93
85 98
85 100
85 103
85 104
85 105
85 106
85 170
85 175
85 182
85 205
85 315
85 457
85 629
85 650
85 652
85 654
85 688
85 764
85 848
85 851
86 91
86 93
86 94
86 98
86 99
86 170
86 205
86 230
86 501
86 629
86 951
87 88
87 145
87 159
87 167
87 168
87 170
87 189
87 192
87 206
87 215
87 229
87 244
87 250
87 281
87 349
87 521
87 540
87 556
87 595
87 631
87 641
87 643
87 688
87 746
87 760
87 811
87 857
87 866
87 872
87 940
88 125
88 132
88 151
88 168
88 191
88 192
88 206
88 215
88 220
88 221
88 243
88 248
88 261
88 266
88 335
88 340
88 343
88 389
88 445
88 492
88 532
88 540
88 553
88 564
88 567
88 650
88 660
88 679
88 710
88 715
88 720
88 729
88 762
88 826
88 843
88 845
88 915
88 925
88 989
88 1000
89 92
89 96
89 97
89 98
89 154
89 182
89 557
89 629
89 873
89 902
90 91
90 92
90 97
90 100
90 104
90 175
90 182
90 221
90 227
90 239
90 629
90 652
90 654
90 829
90 839
91 94
91 97
91 98
91 99
91 106
91 153
91 205
91 248
91 400
91 861
92 97
92 102
92 104
92 175
92 182
92 205
92 283
92 428
92 749
92 981
93 104
93 182
93 343
93 629
93 652
93 654
93 784
93 830
94 96
94 97
94 100
94 105
94 150
94 175
94 368
94 733
94 976
95 101
95 146
95 150
95 151
95 158
95 174
95 182
95 189
95 194
95 200
95 220
95 238
95 250
95 257
95 337
95 346
95 396
95 439
95 491
95 503
95 519
95 540
95 559
95 606
95 657
95 688
95 691
95 692
95 701
95 734
95 768
95 847
95 859
95 932
95 983
96 97
96 98
96 100
96 105
96 106
96 221
96 236
96 652
96 826
96 941
97 103
97 104
97 127
97 140
97 175
97 182
97 213
97 528
97 584
97 629
97 652
97 839
97 904
98 102
98 104
98 106
98 175
98 180
98 181
98 182
98 205
98 280
98 325
98 475
98 629
98 630
98 652
98 654
98 695
98 715
98 862
98 956
99 182
99 205
99 457
99 629
99 635
99 652
99 654
99 679
99 773
99 883
100 102
100 103
100 106
100 145
100 175
100 182
100 205
100 629
100 654
100 698
100 804
100 859
100 978
101 110
101 145
101 151
101 168
101 207
101 214
101 230
101 238
101 254
101 309
101 326
101 463
101 495
101 515
101 538
101 571
101 667
101 685
101 701
101 732
101 753
101 783
101 838
101 874
101 910
101 913
101 944
102 104
102 175
102 205
102 340
102 517
102 654
102 733
103 104
103 175
103 182
103 205
103 371
103 627
103 647
103 652
103 654
103 814
103 823
103 847
104 175
104 182
104 205
104 310
104 490
104 493
104 567
104 629
104 652
104 679
104 768
104 823
104 896
104 964
105 175
105 182
105 205
105 433
105 547
105 961
106 376
106 428
106 629
106 652
106 722
106 956
107 113
107 114
107 115
107 117
107 118
107 120
107 122
107 123
107 126
107 137
107 159
107 202
107 211
107 293
107 505
107 541
107 581
107 720
107 746
107 768
107 857
107 922
107 930
108 112
108 114
108 135
108 137
108 148
108 656
108 785
108 865
108 899
109 111
109 114
109 116
109 122
109 126
109 167
109 408
109 513
109 671
109 693
109 766
109 981
110 131
110 133
110 142
110 146
110 150
110 164
110 167
110 200
110 214
110 220
110 323
110 326
110 359
110 370
110 396
110 405
110 507
110 511
110 518
110 540
110 740
110 768
110 785
110 793
110 829
110 848
110 873
110 896
110 945
111 112
111 116
111 123
111 124
111 126
111 514
111 515
111 743
111 884
111 901
112 119
112 127
112 128
112 129
112 132
112 135
112 145
112 168
112 206
112 456
112 485
112 655
112 702
112 714
112 741
112 816
112 819
112 828
112 902
113 121
113 123
113 127
113 129
113 133
113 134
113 136
113 138
113 148
113 154
113 200
113 207
113 222
113 229
113 338
113 513
113 794
113 888
113 894
113 933
114 123
114 132
114 772
114 896
114 952
115 117
115 119
115 127
115 128
115 135
115 136
115 143
115 167
115 169
115 293
115 625
115 661
115 691
115 737
115 759
115 799
116 117
116 124
116 126
116 127
116 130
116 134
116 172
116 187
116 213
116 214
116 471
116 652
116 661
116 735
116 749
116 790
116 797
116 986
116 997
117 121
117 123
117 125
117 126
117 128
117 135
117 136
117 137
117 138
117 187
117 221
117 250
117 301
117 434
117 626
117 679
117 682
117 766
117 787
117 952
118 120
118 122
118 127
118 130
118 174
118 299
118 479
118 726
118 735
118 763
118 804
119 128
119 138
119 510
119 518
119 660
119 714
119 735
119 778
120 125
120 134
120 181
120 550
121 122
121 127
121 136
121 451
121 679
121 738
121 763
121 831
121 834
122 124
122 125
122 126
122 127
122 129
122 132
122 220
122 276
122 333
122 507
122 674
122 689
122 732
122 747
122 806
122 815
122 881
122 959
123 126
123 127
123 128
123 137
123 151
123 461
123 622
123 883
123 980
124 125
124 130
124 206
124 415
124 538
124 623
124 703
124 831
125 126
125 135
125 172
125 561
125 667
125 687
125 760
125 817
126 129
126 136
126 148
126 250
126 346
126 382
126 413
126 556
126 758
126 793
126 796
126 892
126 907
127 128
127 134
127 135
127 157
127 161
127 174
127 217
127 218
127 391
127 500
127 513
127 517
127 521
127 578
127 641
127 673
127 750
127 935
128 129
128 137
128 142
128 150
128 170
128 192
128 207
128 239
128 521
128 617
128 660
128 689
128 705
128 706
129 130
129 133
129 154
129 172
129 221
129 229
129 265
129 370
130 135
130 138
130 193
130 231
130 251
130 532
130 536
130 762
130 836
130 906
131 150
131 151
131 162
131 191
131 192
131 206
131 207
131 217
131 222
131 239
131 244
131 250
131 392
131 422
131 432
131 469
131 503
131 547
131 649
131 655
131 656
131 657
131 660
131 675
131 688
131 699
131 703
131 718
131 722
131 807
131 829
131 858
131 896
131 955
131 986
132 137
132 326
132 541
133 216
133 254
133 635
133 727
134 138
134 161
134 174
134 313
134 440
134 788
134 952
134 957
135 244
135 260
135 748
135 826
135 827
136 200
136 223
136 413
136 514
136 631
136 722
137 316
137 426
137 535
137 545
137 550
137 570
137 786
137 816
137 889
138 535
138 741
138 848
139 147
139 164
139 189
139 225
139 238
139 246
139 281
139 372
139 546
139 642
139 702
139 724
139 905
139 910
139 945
140 153
140 157
140 237
140 247
140 312
140 392
140 409
140 520
140 540
140 552
140 703
140 757
140 773
140 786
140 891
140 896
140 906
140 909
140 912
140 941
141 146
141 149
141 169
141 214
141 235
141 251
141 278
141 571
141 634
141 650
141 685
141 688
141 706
141 820
142 147
142 150
142 151
142 167
142 207
142 214
142 220
142 243
142 292
142 415
142 420
142 451
142 498
142 503
142 540
142 555
142 613
142 742
142 743
142 767
142 809
142 821
142 824
142 825
142 844
142 943
142 951
142 968
142 984
142 991
143 158
143 207
143 220
143 526
143 534
143 799
143 968
144 155
144 160
144 272
144 308
144 703
144 791
144 850
144 899
145 159
145 165
145 168
145 174
145 186
145 189
145 214
145 236
145 240
145 243
145 250
145 489
145 524
145 550
145 660
145 769
145 814
145 829
145 845
145 847
145 849
145 887
145 903
145 999
146 153
146 162
146 167
146 170
146 196
146 214
146 224
146 238
146 307
146 486
146 501
146 550
146 576
146 597
146 681
146 773
146 785
146 810
146 836
146 934
146 943
146 974
147 149
147 223
147 239
147 440
147 577
147 761
147 940
148 191
148 234
148 301
148 369
148 501
148 513
148 571
148 574
148 819
148 837
148 977
149 153
149 168
149 310
149 325
149 345
149 518
149 527
149 530
149 550
149 688
149 731
149 773
149 778
149 780
149 801
149 828
149 835
149 980
150 168
150 207
150 431
150 453
150 503
150 674
150 679
150 688
150 752
150 784
150 856
150 862
150 866
150 884
150 902
151 168
151 180
151 191
151 220
151 221
151 276
151 278
151 364
151 419
151 503
151 540
151 553
151 633
151 635
151 636
151 652
151 665
151 688
151 701
151 711
151 714
151 734
151 735
151 739
151 790
151 796
151 812
151 828
151 839
151 841
151 911
151 919
151 922
151 927
152 154
152 165
152 200
152 511
152 551
152 568
152 629
152 702
152 729
152 827
152 929
153 200
153 244
153 250
153 476
153 494
153 499
153 541
153 611
153 665
153 749
153 755
153 830
153 839
153 955
154 167
154 174
154 633
154 676
154 713
154 740
154 885
155 355
155 437
155 521
155 526
155 604
155 645
155 683
155 765
155 885
155 947
156 160
156 162
156 311
156 515
156 665
156 781
156 784
157 168
157 262
157 662
157 702
157 769
157 802
157 874
157 875
157 971
158 242
158 250
158 499
158 516
158 521
158 539
158 832
158 902
159 161
159 163
159 220
159 752
159 824
159 839
159 842
160 163
160 206
160 250
160 259
160 269
160 300
160 450
160 478
160 493
160 618
160 620
160 647
160 670
160 699
160 703
160 768
160 797
160 827
160 839
160 862
160 893
160 953
160 969
160 990
161 216
161 229
161 419
161 473
161 503
161 673
161 737
161 809
161 815
161 819
162 284
162 428
162 721
162 784
162 920
163 221
163 492
163 526
163 657
163 785
163 830
163 897
163 908
164 255
164 310
164 480
164 517
164 628
164 635
164 902
164 913
165 250
165 461
165 541
165 688
165 764
165 769
165 826
165 865
165 997
166 172
166 173
166 178
166 179
166 180
166 184
166 606
166 703
166 711
166 794
166 868
167 200
167 206
167 234
167 279
167 375
167 517
167 522
167 624
167 660
167 688
167 703
167 733
167 744
167 746
167 768
167 785
167 808
167 836
167 849
167 879
167 904
168 503
168 580
168 628
168 655
168 665
168 683
168 763
168 772
168 829
168 830
168 850
168 884
168 931
168 977
169 171
169 173
169 176
169 178
169 179
169 180
169 186
169 409
169 439
169 473
169 733
169 977
170 191
170 206
170 216
170 280
170 431
170 438
170 445
170 551
170 683
170 698
170 734
170 819
170 837
170 981
171 177
171 180
171 184
171 186
171 430
171 635
171 784
171 908
172 176
172 178
172 180
172 183
172 959
173 176
173 178
173 179
173 185
173 188
173 539
173 547
173 703
173 749
174 206
174 208
174 220
174 221
174 350
174 358
174 395
174 503
174 514
174 550
174 664
174 691
174 713
174 731
174 845
174 848
174 947
175 182
175 205
175 245
175 260
175 492
175 540
175 550
175 629
175 652
175 654
175 810
175 827
175 842
176 178
176 179
176 180
176 185
176 186
176 214
176 522
176 525
176 641
176 745
176 834
176 880
177 180
177 184
177 662
177 847
177 944
177 980
178 181
178 249
178 501
178 773
178 900
178 906
179 183
179 184
179 185
179 206
179 443
179 782
179 865
179 899
180 183
180 185
180 186
180 239
180 277
180 760
180 854
181 299
181 321
181 414
181 527
181 546
181 587
181 617
181 711
181 724
181 817
181 923
181 933
182 205
182 279
182 359
182 629
182 652
182 654
182 831
182 871
182 909
182 951
182 958
183 186
183 200
183 637
183 655
183 733
183 748
184 221
184 234
184 497
184 765
184 859
185 186
185 219
185 430
185 794
185 992
186 424
186 586
186 892
187 188
187 190
187 193
187 194
187 195
187 196
187 197
187 198
187 199
187 209
187 924
188 193
188 197
188 204
188 208
188 210
188 211
188 212
188 877
188 882
189 191
189 192
189 215
189 220
189 221
189 250
189 403
189 503
189 536
189 540
189 542
189 557
189 637
189 670
189 674
189 695
189 698
189 746
189 748
189 880
189 884
189 961
189 964
189 967
189 985
189 986
190 193
190 195
190 196
190 197
190 198
190 199
190 202
190 203
190 204
190 208
190 209
190 210
190 212
190 502
190 650
190 735
191 207
191 215
191 227
191 243
191 244
191 250
191 270
191 492
191 497
191 595
191 607
191 655
191 660
191 688
191 691
191 703
191 707
191 735
191 743
191 755
191 771
191 809
191 862
191 864
191 898
191 900
191 923
191 959
192 200
192 206
192 221
192 226
192 243
192 331
192 478
192 536
192 581
192 688
192 769
192 773
192 802
192 806
192 853
192 865
192 866
192 914
192 983
193 194
193 195
193 196
193 197
193 198
193 199
193 202
193 208
193 574
193 789
194 195
194 196
194 204
194 522
195 196
195 197
195 198
195 199
195 202
195 204
195 208
195 209
195 211
195 217
195 406
196 197
196 198
196 201
196 202
196 203
196 204
196 210
196 501
197 198
197 201
197 202
197 203
197 208
197 211
197 212
197 246
197 939
198 199
198 201
198 202
198 208
198 209
198 210
198 211
198 212
198 644
198 934
199 250
199 779
200 221
200 238
200 243
200 250
200 308
200 373
200 507
200 508
200 540
200 638
200 655
200 661
200 763
200 784
200 797
200 816
200 826
200 829
200 847
200 902
200 908
201 202
201 204
201 209
201 784
202 208
202 468
203 204
203 205
203 208
203 210
203 211
204 211
204 212
204 314
204 851
205 341
205 348
205 420
205 466
205 629
205 652
205 654
205 693
205 858
205 881
205 888
206 238
206 321
206 337
206 381
206 405
206 426
206 536
206 540
206 550
206 582
206 641
206 648
206 660
206 679
206 707
206 716
206 725
206 727
206 735
206 761
206 767
206 770
206 786
206 791
206 813
206 829
206 850
206 861
206 927
207 220
207 238
207 243
207 281
207 515
207 550
207 565
207 665
207 668
207 677
207 679
207 688
207 710
207 772
207 779
207 785
207 826
207 841
207 886
208 209
208 210
208 243
208 907
209 210
209 822
209 862
210 329
210 871
211 296
212 711
212 778
213 228
213 231
213 376
213 455
213 712
214 221
214 227
214 245
214 249
214 250
214 319
214 325
214 355
214 470
214 503
214 511
214 522
214 525
214 540
214 542
214 550
214 571
214 579
214 655
214 679
214 695
214 721
214 738
214 742
214 773
214 780
214 828
214 856
214 919
214 932
214 945
214 986
215 227
215 241
215 244
215 393
215 738
215 807
215 839
215 861
215 912
215 937
216 217
216 218
216 224
216 229
216 262
216 533
216 557
216 635
216 647
216 665
216 688
216 691
216 695
216 701
216 712
216 734
216 740
216 821
216 823
216 830
216 845
216 848
216 880
216 884
216 949
217 237
217 243
217 247
217 274
217 320
217 367
217 420
217 511
217 527
217 547
217 565
217 635
217 647
217 656
217 661
217 718
217 727
217 733
217 745
217 754
217 771
217 900
217 995
218 220
218 231
218 361
218 792
218 876
218 902
219 220
219 229
219 232
219 496
219 548
219 733
219 755
219 865
219 962
220 237
220 243
220 249
220 250
220 349
220 424
220 462
220 487
220 515
220 527
220 540
220 549
220 679
220 680
220 699
220 722
220 735
220 758
220 774
220 850
220 895
220 918
220 919
220 927
220 931
220 937
220 947
220 962
221 250
221 264
221 288
221 343
221 457
221 503
221 660
221 664
221 711
221 733
221 747
221 751
221 763
221 816
221 822
221 829
221 846
221 884
221 938
222 223
222 239
222 454
222 716
222 727
222 730
223 231
223 246
223 413
223 462
223 521
223 540
223 544
223 647
223 805
223 817
223 834
223 867
223 884
223 982
224 393
224 586
224 676
224 744
224 815
224 819
225 227
225 234
225 557
225 680
225 703
225 799
225 904
226 234
226 293
226 488
226 769
226 838
226 898
226 983
227 237
227 245
227 247
227 252
227 346
227 367
227 432
227 498
227 548
227 549
227 590
227 629
227 641
227 655
227 658
227 678
227 703
227 716
227 760
227 766
227 769
227 826
227 885
227 887
227 899
227 902
228 229
228 521
228 647
228 745
228 785
228 827
228 847
229 233
229 236
229 510
229 627
229 687
229 691
229 727
229 748
229 765
229 832
229 852
229 858
229 907
229 922
229 981
230 231
230 245
230 503
230 684
230 694
230 735
230 911
231 234
231 240
231 244
231 250
231 289
231 418
231 467
231 476
231 509
231 515
231 517
231 521
231 529
231 560
231 739
231 764
231 800
231 836
231 919
231 926
231 961
232 239
232 328
232 718
232 723
232 781
232 823
232 840
232 976
233 248
233 423
233 492
233 514
233 515
233 517
233 536
233 645
233 666
233 779
233 869
233 873
234 244
234 370
234 469
234 641
234 661
234 689
234 775
234 791
234 892
234 904
234 932
235 384
235 455
235 461
235 483
235 635
235 695
235 697
235 797
235 867
235 973
236 246
236 290
236 308
236 319
236 532
236 614
236 633
236 635
236 641
236 649
236 753
236 810
236 865
236 889
237 266
237 331
237 727
237 833
237 907
238 250
238 252
238 336
238 359
238 363
238 416
238 424
238 480
238 487
238 512
238 516
238 517
238 526
238 540
238 550
238 664
238 671
238 679
238 691
238 699
238 714
238 749
238 752
238 778
238 802
238 822
238 833
238 848
238 932
238 962
238 967
238 979
239 287
239 303
239 566
239 641
239 643
239 722
239 778
239 900
239 930
240 293
240 508
240 649
240 836
240 839
240 953
241 244
241 246
241 398
241 577
241 653
241 731
241 794
241 854
241 907
241 919
241 963
242 249
242 257
242 438
242 532
242 647
242 665
242 688
242 851
243 259
243 379
243 428
243 493
243 503
243 517
243 532
243 550
243 649
243 660
243 662
243 710
243 724
243 758
243 793
243 796
243 802
243 830
243 865
243 872
243 887
244 249
244 250
244 518
244 529
244 550
244 635
244 639
244 690
244 732
244 748
244 763
244 778
244 816
244 829
244 878
244 888
244 891
244 893
244 894
244 961
244 998
245 310
245 314
245 461
245 530
245 635
245 641
245 656
245 658
245 753
245 838
245 865
245 880
245 883
245 905
245 931
245 943
245 961
245 999
246 263
246 286
246 386
246 415
246 547
246 595
246 695
246 994
247 376
247 498
247 657
247 722
247 796
247 841
247 881
248 260
248 412
248 492
248 517
248 565
248 597
248 641
248 648
248 773
248 799
248 801
249 643
249 647
249 668
249 691
249 746
249 797
249 862
249 986
250 383
250 396
250 399
250 471
250 473
250 488
250 510
250 511
250 540
250 624
250 625
250 691
250 742
250 767
250 775
250 907
250 914
250 961
250 963
251 252
251 255
251 257
251 260
251 261
251 263
251 265
251 269
251 270
251 274
251 275
251 276
251 280
251 281
251 282
251 286
251 287
251 290
251 293
251 294
251 295
251 296
251 297
251 299
251 540
251 581
251 709
251 824
251 840
252 272
252 273
252 274
252 286
252 293
252 297
252 299
253 256
253 257
253 263
253 264
253 265
253 266
253 275
253 276
253 277
253 280
253 299
253 457
253 934
254 256
254 257
254 260
254 261
254 263
254 265
254 268
254 269
254 270
254 273
254 274
254 276
254 277
254 280
254 281
254 282
254 283
254 284
254 286
254 290
254 293
254 296
254 472
254 684
254 792
254 983
255 256
255 257
255 258
255 261
255 263
255 264
255 265
255 266
255 270
255 281
255 282
255 284
255 286
255 287
255 290
255 291
255 293
255 299
255 313
255 773
256 259
256 263
256 269
256 277
256 281
256 286
256 290
256 293
256 295
256 564
256 600
256 734
256 807
257 258
257 259
257 260
257 263
257 264
257 265
257 268
257 269
257 270
257 273
257 274
257 275
257 278
257 280
257 281
257 282
257 285
257 286
257 290
257 291
257 293
257 298
257 299
257 514
257 662
257 827
257 864
257 950
257 984
258 261
258 263
258 264
258 269
258 273
258 278
258 282
258 286
258 289
258 299
258 400
258 503
259 260
259 262
259 269
259 270
259 274
259 286
259 290
259 298
259 299
259 832
260 262
260 263
260 265
260 267
260 269
260 270
260 271
260 275
260 278
260 280
260 286
260 296
260 633
261 263
261 265
261 268
261 269
261 270
261 274
261 285
261 286
261 292
261 293
261 297
261 722
262 263
262 265
262 266
262 270
262 273
262 289
262 292
262 294
262 998
263 265
263 268
263 269
263 270
263 272
263 273
263 274
263 275
263 277
263 278
263 280
263 281
263 284
263 285
263 286
263 287
263 291
263 293
263 296
263 298
263 299
263 390
263 566
263 567
263 721
263 749
263 824
263 988
264 265
264 266
264 270
264 274
264 280
264 286
264 290
264 291
264 292
264 293
264 295
264 296
264 877
265 268
265 269
265 270
265 271
265 272
265 275
265 278
265 279
265 286
265 290
265 293
265 296
265 297
265 299
265 550
265 730
265 831
265 841
265 867
265 966
266 270
266 274
266 275
266 280
266 282
266 293
266 777
267 271
267 273
267 274
267 284
267 286
267 287
267 297
267 299
267 428
267 845
268 270
268 274
268 280
268 281
268 285
268 286
268 290
268 788
268 943
269 270
269 277
269 278
269 280
269 281
269 282
269 283
269 286
269 287
269 290
269 291
269 293
269 297
269 299
269 540
269 758
269 830
269 866
269 867
269 994
270 272
270 273
270 275
270 276
270 277
270 278
270 280
270 281
270 283
270 285
270 286
270 287
270 289
270 290
270 291
270 292
270 293
270 295
270 296
270 299
270 317
270 425
270 736
270 769
270 845
270 994
271 276
271 281
271 285
271 292
271 293
271 297
271 731
271 988
272 274
272 277
272 286
272 288
272 289
272 292
272 294
272 298
272 389
272 466
272 934
273 274
273 276
273 278
273 280
273 281
273 284
273 286
273 288
273 289
273 290
273 293
273 294
273 296
273 297
273 299
273 517
273 664
273 695
273 739
273 830
274 278
274 281
274 282
274 283
274 285
274 287
274 288
274 289
274 290
274 291
274 293
274 294
274 296
274 297
274 660
274 702
274 775
274 865
274 886
274 899
274 919
275 276
275 280
275 286
275 289
275 293
275 297
275 344
275 566
275 641
276 279
276 280
276 283
276 288
276 290
277 290
277 294
277 295
277 297
277 524
277 774
278 280
278 281
278 283
278 284
278 286
278 287
278 293
278 297
278 299
278 802
278 817
278 956
279 281
279 283
279 286
279 292
279 294
279 297
279 299
280 281
280 286
280 289
280 290
280 293
280 297
280 298
280 519
280 579
280 674
280 970
281 285
281 286
281 287
281 288
281 289
281 290
281 293
281 295
281 296
281 299
281 569
281 585
281 623
281 698
282 293
282 424
282 799
283 286
283 293
283 296
283 299
283 500
283 829
284 285
284 286
284 290
284 296
284 298
284 299
284 679
284 789
285 286
285 287
285 290
285 293
285 590
285 785
285 869
286 289
286 290
286 293
286 294
286 297
286 299
286 458
286 649
286 651
286 684
286 760
286 930
287 288
287 296
287 317
287 845
288 290
288 294
288 297
288 680
288 973
289 292
289 293
289 297
289 446
289 482
289 870
290 291
290 292
290 293
290 295
290 297
290 299
290 554
290 660
290 826
290 832
290 848
290 972
291 934
292 769
292 819
293 295
293 297
293 474
293 629
293 700
294 295
294 296
294 299
294 383
294 866
295 691
295 947
296 297
296 298
296 686
296 932
296 976
297 298
297 424
297 509
298 299
298 725
298 978
299 531
299 559
299 750
299 870
300 303
300 305
300 308
300 315
300 316
300 319
300 321
300 325
300 326
300 329
300 331
300 334
300 337
300 343
300 345
300 346
300 724
300 796
301 310
301 315
301 318
301 321
301 323
301 324
301 325
301 327
301 330
301 334
301 341
301 343
301 346
301 348
301 350
301 354
301 355
301 356
301 357
301 360
301 735
301 742
301 800
302 304
302 309
302 321
302 332
302 335
302 346
302 348
302 354
302 359
302 489
302 800
302 951
303 311
303 312
303 313
303 315
303 319
303 325
303 326
303 333
303 337
303 346
303 349
303 353
303 355
303 356
303 439
303 656
304 309
304 314
304 323
304 327
304 332
304 333
304 334
304 338
304 340
304 349
304 353
304 359
304 497
304 746
304 751
305 306
305 309
305 310
305 311
305 313
305 315
305 317
305 319
305 320
305 328
305 337
305 340
305 343
305 350
305 351
305 352
305 380
305 571
305 799
305 876
305 917
306 314
306 323
306 325
306 339
306 343
306 346
306 353
306 359
307 309
307 310
307 312
307 315
307 327
307 333
307 344
307 350
307 351
307 352
307 712
307 858
307 888
308 309
308 311
308 312
308 314
308 321
308 327
308 331
308 337
308 341
308 343
308 344
308 346
308 348
308 350
308 355
308 358
308 666
308 693
308 826
309 310
309 311
309 313
309 315
309 316
309 319
309 321
309 322
309 326
309 333
309 340
309 343
309 345
309 346
309 349
309 350
309 352
309 357
309 358
309 359
309 360
309 574
309 820
309 842
309 910
309 925
310 315
310 320
310 321
310 324
310 327
310 329
310 338
310 344
310 353
310 354
310 358
310 656
310 844
311 321
311 322
311 324
311 331
311 335
311 336
311 340
311 343
311 344
311 346
311 355
311 542
311 637
311 688
311 731
312 315
312 325
312 326
312 334
312 342
312 351
312 358
312 359
312 700
313 332
313 341
313 344
313 355
313 881
314 315
314 319
314 325
314 333
314 335
314 340
314 346
314 352
314 355
314 454
314 654
314 812
315 318
315 319
315 321
315 322
315 325
315 327
315 328
315 329
315 330
315 332
315 333
315 335
315 346
315 350
315 353
315 354
315 357
315 376
315 545
315 571
316 323
316 325
316 346
316 353
316 357
316 359
317 322
317 324
317 326
317 329
317 335
317 336
317 346
317 349
317 350
317 351
317 352
317 353
317 356
317 506
317 816
317 870
318 321
318 322
318 328
318 343
318 346
318 355
318 377
318 548
319 326
319 337
319 343
319 652
319 773
320 329
320 333
320 334
320 335
320 358
320 359
320 528
320 580
321 324
321 326
321 328
321 330
321 333
321 337
321 339
321 340
321 343
321 347
321 348
321 349
321 350
321 353
321 355
321 550
321 742
322 342
322 355
322 358
322 540
322 981
323 336
323 343
323 346
323 358
323 651
323 899
324 331
324 334
324 359
324 371
324 691
325 328
325 332
325 333
325 336
325 338
325 339
325 343
325 346
325 349
325 350
325 354
325 358
325 514
325 747
325 952
326 336
326 337
326 342
326 343
326 360
326 515
326 795
327 328
327 330
327 332
327 333
327 336
327 337
327 340
327 341
327 342
327 347
327 356
327 357
327 360
327 655
327 691
327 988
327 995
328 330
328 343
328 344
328 345
328 346
328 349
328 350
328 353
328 358
328 426
328 641
328 746
329 343
329 350
329 764
329 812
330 333
330 346
330 355
330 359
330 508
331 333
331 344
331 346
331 354
331 747
332 334
332 348
332 357
332 479
332 824
332 889
333 343
333 345
333 346
333 349
333 351
333 352
333 354
333 356
333 357
333 358
333 374
333 499
333 544
333 746
333 916
333 961
334 335
334 349
334 352
334 358
334 679
334 689
334 735
334 901
335 346
335 356
335 376
335 479
336 347
336 351
336 628
336 928
337 342
337 343
337 346
337 347
337 352
337 355
337 356
337 358
337 359
337 745
337 806
337 855
337 951
338 343
338 348
338 355
338 356
338 358
338 483
338 877
339 341
339 347
339 348
339 355
339 784
339 926
340 342
340 343
340 344
340 347
340 348
340 349
340 359
340 360
340 509
340 729
340 732
340 831
341 358
341 359
341 561
341 838
342 345
342 452
342 905
343 346
343 348
343 349
343 350
343 353
343 354
343 356
343 357
343 359
343 360
343 364
343 431
343 762
343 769
343 774
343 929
343 936
344 351
344 355
344 902
344 931
345 356
345 357
345 358
345 598
346 348
346 349
346 350
346 355
346 358
346 359
346 360
346 496
346 501
346 746
346 817
346 888
346 898
346 988
347 357
347 359
347 641
347 692
347 754
348 358
348 360
348 688
349 351
349 358
349 439
349 635
350 356
350 644
350 650
350 714
350 946
351 853
352 353
352 438
352 702
352 734
353 358
353 635
353 914
353 963
354 358
354 956
355 698
355 843
355 868
355 996
356 357
356 708
356 736
356 769
356 827
357 959
358 412
358 482
358 660
358 709
358 854
358 872
358 895
359 503
359 877
359 958
361 363
361 365
361 367
361 370
361 373
361 376
361 380
361 384
361 387
361 393
361 405
361 407
361 496
361 730
361 900
362 367
362 369
362 373
362 375
362 376
362 383
362 384
362 386
362 388
362 390
362 396
362 400
362 402
362 406
362 619
362 661
362 694
362 761
363 368
363 369
363 373
363 375
363 379
363 381
363 383
363 384
363 396
363 398
363 404
363 405
363 406
363 716
363 772
364 369
364 371
364 373
364 375
364 383
364 385
364 393
364 406
364 862
365 369
365 372
365 373
365 374
365 376
365 379
365 382
365 385
365 386
365 387
365 390
365 392
365 393
365 395
365 396
365 402
365 405
365 701
365 742
365 758
365 829
365 846
365 921
366 370
366 374
366 376
366 384
366 386
366 389
366 391
366 399
366 742
367 369
367 370
367 372
367 373
367 375
367 376
367 377
367 384
367 386
367 391
367 393
367 400
367 402
367 403
367 404
367 405
367 406
367 516
367 746
367 831
367 834
368 369
368 370
368 373
368 385
368 386
368 387
368 391
368 394
368 396
368 398
368 733
368 865
369 371
369 372
369 374
369 375
369 376
369 379
369 383
369 384
369 386
369 389
369 390
369 392
369 393
369 395
369 396
369 400
369 403
369 404
369 405
369 406
369 407
369 575
369 589
369 710
369 776
369 823
369 973
370 372
370 376
370 379
370 380
370 384
370 386
370 389
370 391
370 392
370 393
370 395
370 396
370 400
370 403
370 406
370 407
370 588
370 701
370 914
371 373
371 374
371 376
371 377
371 384
371 385
371 387
371 390
371 392
371 394
371 400
371 406
371 722
371 792
372 375
372 376
372 379
372 381
372 384
372 386
372 388
372 390
372 397
372 399
372 400
372 401
372 407
372 529
372 842
372 910
373 375
373 376
373 380
373 382
373 383
373 384
373 389
373 395
373 396
373 400
373 403
373 405
373 641
373 647
373 733
373 936
374 375
374 376
374 378
374 380
374 385
374 389
374 393
374 397
374 400
374 405
374 407
374 681
374 775
375 376
375 377
375 378
375 379
375 380
375 381
375 383
375 384
375 386
375 387
375 391
375 393
375 396
375 397
375 398
375 400
375 405
375 406
375 479
375 677
375 862
376 377
376 378
376 379
376 382
376 383
376 384
376 386
376 389
376 390
376 392
376 393
376 394
376 396
376 397
376 398
376 400
376 403
376 405
376 406
376 407
376 435
376 657
376 845
376 857
377 384
377 387
377 389
377 405
377 406
377 505
377 564
378 382
378 384
378 393
378 400
378 407
379 383
379 386
379 389
379 394
379 398
379 404
379 406
379 517
379 525
379 886
380 382
380 383
380 384
380 406
380 615
380 816
381 384
381 391
381 396
381 402
381 406
381 526
381 802
382 384
382 394
382 396
382 398
382 401
382 706
382 889
383 384
383 387
383 396
383 401
383 402
383 404
383 406
383 438
383 931
383 934
384 386
384 387
384 389
384 393
384 395
384 396
384 400
384 401
384 404
384 406
384 407
384 466
384 491
384 874
385 389
385 399
385 402
385 515
385 974
386 390
386 392
386 397
386 398
386 400
386 401
386 402
386 406
386 480
386 620
386 816
386 939
387 406
387 952
388 391
388 393
388 397
388 399
388 404
388 406
388 521
388 873
389 390
389 392
389 393
389 396
389 397
389 400
389 401
389 403
389 518
389 596
389 677
389 949
390 402
390 405
390 407
390 562
390 932
391 396
391 398
391 401
391 406
391 407
391 502
391 533
391 691
392 393
392 397
392 402
392 405
392 406
392 571
392 789
393 394
393 396
393 399
393 402
393 405
393 406
393 529
393 862
393 878
394 396
394 400
394 404
394 407
394 635
395 396
395 400
395 405
395 863
396 399
396 403
396 404
396 405
396 406
396 407
396 499
396 854
397 399
397 400
397 404
397 405
397 406
397 407
397 518
397 638
397 711
397 962
398 406
398 867
398 995
399 400
399 401
399 405
399 904
400 405
400 407
400 424
400 779
400 781
400 831
401 530
401 826
402 827
403 404
403 405
403 679
403 748
404 466
405 406
405 544
405 628
405 707
405 815
406 519
406 625
406 705
406 729
406 879
407 522
407 616
407 754
407 799
408 412
408 413
408 414
408 457
408 461
408 467
408 470
408 475
408 480
408 737
409 411
409 424
409 426
409 427
409 434
409 452
409 453
409 458
409 460
409 476
409 480
409 489
409 492
409 769
409 834
409 838
410 416
410 419
410 450
410 457
410 466
410 470
410 486
410 488
410 492
410 738
410 928
411 419
411 420
411 423
411 430
411 433
411 440
411 443
411 445
411 460
411 469
411 475
411 479
411 480
411 727
411 781
412 419
412 429
412 441
412 457
412 466
412 470
412 478
412 492
412 913
413 414
413 416
413 426
413 427
413 428
413 429
413 430
413 443
413 445
413 446
413 452
413 455
413 457
413 461
413 463
413 466
413 467
413 470
413 471
413 477
413 479
413 480
413 489
413 493
413 513
413 673
413 778
413 807
413 834
413 998
414 415
414 425
414 437
414 442
414 443
414 445
414 448
414 451
414 466
414 468
414 472
414 475
414 483
414 484
414 492
414 721
414 733
414 904
415 416
415 418
415 428
415 439
415 450
415 451
415 455
415 461
415 463
415 464
415 466
415 476
415 481
415 483
415 553
415 772
415 924
416 428
416 437
416 441
416 452
416 454
416 457
416 461
416 462
416 463
416 464
416 469
416 482
416 492
416 607
416 635
416 841
417 433
417 435
417 454
417 457
417 469
417 478
417 489
417 492
417 509
417 694
418 423
418 424
418 425
418 426
418 439
418 446
418 447
418 449
418 450
418 456
418 458
418 463
418 468
418 475
418 477
418 521
418 765
418 768
418 891
418 907
419 420
419 422
419 423
419 426
419 431
419 434
419 435
419 439
419 451
419 463
419 466
419 472
419 473
419 482
419 491
419 492
419 530
419 540
419 593
419 848
420 421
420 424
420 428
420 431
420 439
420 450
420 452
420 454
420 456
420 466
420 469
420 470
420 472
420 473
420 474
420 476
420 478
420 480
420 484
420 488
420 493
420 538
420 554
420 607
420 788
420 808
421 424
421 434
421 446
421 447
421 453
421 454
421 462
421 470
421 486
421 488
421 493
421 531
421 761
421 848
422 424
422 425
422 439
422 441
422 455
422 462
422 464
422 469
422 471
422 567
422 727
422 780
423 424
423 447
423 452
423 463
423 464
423 478
423 799
424 429
424 431
424 433
424 440
424 442
424 451
424 457
424 461
424 462
424 464
424 468
424 472
424 478
424 479
424 481
424 483
424 486
424 489
424 661
424 744
424 952
425 438
425 457
425 473
425 481
425 482
425 486
425 489
425 490
425 492
425 493
425 518
425 641
425 711
426 428
426 435
426 438
426 440
426 442
426 443
426 446
426 449
426 452
426 453
426 454
426 456
426 457
426 458
426 461
426 465
426 469
426 470
426 473
426 474
426 475
426 476
426 479
426 482
426 491
426 492
426 691
426 748
426 992
427 428
427 436
427 437
427 485
427 490
427 723
427 946
428 442
428 445
428 447
428 448
428 456
428 461
428 462
428 465
428 467
428 472
428 478
428 488
428 491
428 789
428 975
429 440
429 460
429 464
429 465
429 470
429 474
429 478
429 483
429 484
429 488
429 493
429 809
429 952
430 444
430 451
430 476
430 479
430 481
430 679
431 435
431 440
431 447
431 451
431 457
431 458
431 462
431 463
431 465
431 477
431 479
431 481
431 488
431 493
431 526
431 647
431 937
432 434
432 436
432 439
432 453
432 461
432 474
432 488
433 436
433 443
433 444
433 461
433 481
433 485
433 492
433 540
433 699
433 709
434 451
434 458
434 459
434 473
434 480
434 527
434 819
434 850
435 440
435 447
435 451
435 469
435 480
435 486
435 487
435 492
435 647
436 437
436 445
436 452
436 459
436 461
436 463
436 469
436 473
436 492
436 519
436 672
436 751
436 757
437 450
437 457
437 461
437 469
437 480
437 490
437 681
437 723
437 951
438 439
438 441
438 451
438 453
438 457
438 465
438 466
438 469
438 474
438 484
438 488
438 490
438 492
438 853
439 445
439 448
439 449
439 451
439 452
439 453
439 459
439 461
439 466
439 475
439 476
439 478
439 488
439 490
439 491
439 640
439 672
439 792
439 901
439 915
440 443
440 445
440 453
440 455
440 461
440 462
440 469
440 479
440 480
440 483
440 487
440 766
440 994
440 997
441 444
441 450
441 457
441 470
441 479
441 485
441 488
441 493
441 778
441 886
442 447
442 452
442 457
442 465
442 469
442 474
442 479
442 482
442 484
442 586
442 664
442 666
442 788
442 907
443 446
443 453
443 456
443 465
443 475
443 488
443 711
443 723
443 743
444 448
444 466
444 479
444 488
444 489
444 518
445 457
445 461
445 465
445 469
445 479
445 481
445 769
445 777
445 841
446 452
446 455
446 480
446 619
446 703
447 476
447 647
447 998
448 451
448 468
448 477
448 492
448 529
448 955
449 451
449 469
449 476
449 487
449 488
449 501
449 638
449 940
450 451
450 452
450 473
450 488
450 878
451 454
451 455
451 461
451 463
451 464
451 466
451 469
451 470
451 471
451 476
451 479
451 483
451 488
451 489
451 490
451 612
451 731
451 753
451 757
451 761
451 866
451 934
452 453
452 457
452 462
452 463
452 469
452 473
452 475
452 479
452 488
452 493
452 504
452 697
452 722
452 732
452 748
452 847
453 470
453 474
453 479
453 480
453 486
454 466
454 468
454 470
454 479
454 480
454 482
454 485
454 488
454 489
454 669
454 700
454 836
454 972
455 460
455 471
455 473
455 475
455 477
455 481
455 482
455 488
455 492
455 738
455 743
455 852
456 465
456 468
456 469
456 472
456 473
456 688
457 462
457 463
457 464
457 465
457 466
457 468
457 471
457 472
457 475
457 479
457 480
457 484
457 490
457 492
457 520
457 550
457 570
457 592
457 756
457 770
457 803
458 461
458 492
458 743
458 919
459 463
459 468
459 478
459 488
459 780
459 802
460 478
460 488
460 489
460 492
460 848
461 462
461 463
461 468
461 470
461 472
461 473
461 477
461 478
461 480
461 482
461 483
461 485
461 488
461 491
461 492
461 593
461 605
461 633
461 716
461 760
461 784
462 463
462 464
462 466
462 467
462 469
462 470
462 471
462 473
462 474
462 475
462 477
462 480
462 487
462 489
462 491
462 492
462 511
462 520
462 535
462 751
462 818
462 848
462 892
463 469
463 470
463 471
463 473
463 482
463 488
463 492
463 621
463 732
463 826
463 852
463 953
463 973
464 465
464 470
464 477
464 479
464 486
464 698
464 748
464 778
464 917
464 963
465 469
465 480
465 492
465 710
465 803
465 883
466 467
466 470
466 473
466 475
466 477
466 479
466 480
466 481
466 483
466 492
466 572
466 659
466 660
466 872
467 470
467 480
467 482
467 540
467 944
468 470
468 480
468 487
468 488
468 492
468 928
469 470
469 471
469 476
469 477
469 478
469 479
469 480
469 481
469 486
469 488
469 489
469 524
469 568
469 776
469 778
469 884
469 983
469 990
469 994
469 996
470 473
470 474
470 476
470 480
470 482
470 484
470 485
470 508
470 619
470 746
470 860
470 899
470 910
470 999
471 474
471 476
471 482
471 484
471 485
471 487
471 488
471 490
471 493
471 707
471 746
471 895
472 473
472 698
473 480
473 488
473 492
473 696
473 802
473 942
474 476
474 477
474 482
474 487
474 686
474 737
474 890
475 479
475 480
475 487
475 492
475 493
475 571
475 655
475 762
475 798
475 911
476 480
476 486
476 487
476 490
476 491
476 492
476 567
476 867
476 919
477 480
477 482
477 490
477 491
477 530
477 697
477 728
478 484
478 740
478 757
478 870
479 487
479 488
479 491
479 492
479 665
479 698
479 758
479 925
480 488
480 770
481 729
481 838
481 845
481 920
482 488
482 492
482 656
482 685
482 842
484 698
484 880
484 950
485 491
485 492
485 868
486 490
486 641
486 839
486 946
487 503
487 865
488 491
488 493
488 555
488 666
488 714
488 728
488 781
488 805
488 834
488 923
489 492
489 613
489 967
490 744
491 492
491 552
491 751
492 493
492 754
492 793
492 812
492 896
492 922
493 828
494 510
494 523
494 529
494 548
494 694
494 789
494 806
494 901
494 981
495 511
495 515
495 517
495 526
495 557
495 581
495 653
495 655
495 755
495 894
495 988
496 505
496 511
496 520
496 530
496 578
496 757
496 773
496 830
497 503
497 504
497 517
497 532
497 537
497 540
497 541
497 596
497 655
497 893
497 931
498 502
498 512
498 517
498 519
498 521
498 525
498 526
498 682
498 688
498 692
498 773
498 823
498 830
498 833
498 937
499 522
499 530
499 532
499 533
499 641
499 740
499 783
499 838
499 908
499 994
500 503
500 515
500 519
500 527
500 807
500 816
500 818
500 864
501 504
501 506
501 512
501 514
501 516
501 521
501 526
501 527
501 529
501 532
501 676
501 704
501 707
501 722
501 781
501 847
501 881
501 929
501 953
502 507
502 529
502 668
502 739
502 852
503 524
503 536
503 660
503 664
503 689
503 702
503 704
503 709
503 728
503 735
503 761
503 762
503 771
503 802
503 826
503 866
503 871
503 876
503 884
503 890
503 894
504 506
504 764
504 952
505 511
505 515
505 518
505 760
505 828
505 899
505 908
505 973
505 982
505 999
506 515
506 674
506 675
506 727
506 873
506 923
506 973
507 519
507 655
507 763
508 511
508 518
508 521
508 844
508 925
509 513
509 525
509 534
509 717
509 737
509 877
510 522
510 526
510 534
510 677
510 845
510 919
510 953
511 517
511 532
511 574
511 674
511 699
511 709
511 808
511 829
511 890
511 896
512 532
512 600
512 662
512 740
512 784
512 962
513 517
513 526
513 532
513 547
514 523
514 533
514 618
514 655
514 734
514 838
514 885
515 517
515 521
515 524
515 529
515 532
515 571
515 575
515 619
515 660
515 662
515 679
515 715
515 777
515 799
515 807
515 828
515 861
515 903
516 519
516 529
516 655
516 691
516 935
516 977
517 518
517 519
517 527
517 529
517 540
517 550
517 567
517 587
517 635
517 648
517 655
517 698
517 789
517 797
517 805
517 888
517 893
517 933
517 947
517 962
517 985
518 521
518 522
518 531
518 655
518 669
518 700
518 708
518 722
518 723
518 768
518 799
518 864
518 868
518 952
518 965
519 521
519 524
519 528
519 532
519 560
519 635
519 653
519 787
519 898
519 928
520 530
520 532
520 590
520 686
520 858
520 981
521 527
521 562
521 609
521 610
521 655
521 665
521 695
521 708
521 726
521 789
521 826
521 894
521 965
522 545
522 655
522 726
522 829
522 848
522 853
523 529
523 534
523 537
523 615
523 689
523 719
523 760
523 784
523 862
523 884
523 888
524 528
524 616
524 798
524 855
524 880
525 531
525 716
526 530
526 534
526 543
526 554
526 568
526 692
526 784
526 823
526 927
526 952
526 959
527 590
527 621
527 655
527 788
527 865
527 884
527 926
527 929
528 533
528 707
528 758
528 775
528 776
528 845
528 854
529 608
529 688
529 690
529 691
529 731
529 741
529 797
529 835
529 883
529 895
529 950
530 574
530 735
530 778
530 919
530 963
531 655
531 703
531 790
531 809
531 814
531 841
531 875
532 652
532 676
532 688
532 691
532 694
532 698
532 714
532 717
532 732
532 740
532 745
532 774
532 785
532 839
532 936
532 983
533 550
533 714
533 745
533 820
533 912
534 550
534 703
534 731
534 737
534 887
534 910
535 545
535 546
535 551
535 553
535 558
535 559
535 565
535 603
535 674
535 682
535 724
535 943
536 541
536 547
536 558
536 560
536 561
536 563
536 674
537 538
537 543
537 546
537 549
537 555
537 556
537 557
537 559
537 563
537 564
537 567
537 569
537 571
537 616
537 674
537 682
537 686
537 731
537 755
537 889
537 896
538 546
538 555
538 571
538 674
538 769
539 544
539 549
539 561
539 562
539 682
539 783
539 841
539 1000
540 596
540 629
540 664
540 700
540 832
540 838
540 845
540 899
540 910
540 998
541 551
541 552
541 553
541 556
541 565
541 566
541 567
541 570
541 646
541 674
541 688
541 798
541 920
542 544
542 546
542 547
542 554
542 560
542 565
542 567
542 568
542 682
542 722
542 892
542 923
542 952
542 981
543 546
543 552
543 553
543 557
543 562
543 650
543 682
543 868
543 887
544 547
544 548
544 553
544 557
544 558
544 560
544 682
544 766
544 841
544 868
544 875
544 942
545 556
545 557
545 558
545 570
545 631
545 682
545 700
546 547
546 552
546 553
546 554
546 555
546 557
546 558
546 559
546 567
546 569
546 571
546 674
546 682
546 707
546 712
546 769
546 839
547 548
547 555
547 556
547 561
547 562
547 564
547 565
547 569
547 571
547 698
547 703
547 785
547 823
547 831
547 843
548 559
548 560
548 564
548 565
548 567
548 568
548 720
548 942
549 566
549 567
549 570
549 584
549 674
549 733
549 877
550 567
550 647
550 657
550 660
550 688
550 691
550 694
550 743
550 772
550 831
550 833
550 868
550 875
550 885
550 911
550 934
550 962
550 994
551 555
551 559
551 565
551 570
551 641
551 797
551 894
552 557
552 567
552 571
552 698
552 700
553 554
553 557
553 559
553 563
553 565
553 566
553 571
553 674
553 682
553 749
553 785
553 814
553 854
553 875
553 882
553 899
554 563
554 568
554 571
554 660
554 754
554 954
555 558
555 565
555 567
555 674
555 824
556 565
556 568
556 617
556 664
556 674
556 694
556 704
556 829
557 558
557 561
557 567
557 569
557 571
557 674
557 735
557 781
557 897
558 561
558 571
558 706
558 893
559 561
559 571
559 618
559 767
559 887
559 978
560 561
560 566
560 568
560 571
560 668
560 674
560 703
560 726
560 856
560 880
561 562
561 565
561 567
561 568
561 570
561 571
561 674
561 682
561 839
562 565
562 567
562 571
562 705
562 805
562 807
562 944
562 973
563 567
563 738
563 770
564 568
564 570
564 571
564 682
564 856
564 875
565 688
565 706
565 735
565 865
565 914
565 927
565 951
566 569
566 682
566 807
566 822
566 887
567 571
567 674
568 797
568 962
569 585
569 682
569 762
569 798
569 911
570 779
570 796
571 663
571 672
571 674
571 682
571 837
571 841
571 859
571 870
572 574
572 575
572 579
572 581
572 584
572 585
572 586
572 587
572 590
572 593
572 595
572 597
572 600
572 601
572 603
572 607
572 609
572 611
572 615
572 617
572 619
572 621
572 622
572 760
572 818
572 870
572 980
572 985
573 574
573 578
573 581
573 582
573 587
573 590
573 599
573 600
573 602
573 608
573 611
573 616
573 619
573 655
573 845
574 575
574 579
574 581
574 583
574 584
574 586
574 587
574 588
574 590
574 592
574 593
574 595
574 596
574 597
574 599
574 600
574 602
574 603
574 605
574 606
574 608
574 609
574 610
574 611
574 613
574 615
574 616
574 617
574 618
574 619
574 620
574 622
574 675
574 703
574 902
575 579
575 581
575 590
575 605
575 611
575 612
575 615
575 616
575 620
575 903
576 579
576 582
576 586
576 587
576 589
576 590
576 595
576 601
576 603
576 604
576 610
576 611
576 616
576 618
576 619
576 621
576 670
576 988
577 578
577 581
577 584
577 585
577 590
577 595
577 597
577 622
578 584
578 591
578 592
578 595
578 596
578 600
578 608
578 618
578 619
578 760
579 581
579 582
579 583
579 584
579 586
579 587
579 588
579 590
579 591
579 595
579 596
579 599
579 600
579 603
579 605
579 606
579 610
579 612
579 616
579 617
579 618
579 620
579 622
579 670
579 845
580 582
580 586
580 587
580 590
580 592
580 603
580 605
580 611
580 613
580 620
580 735
581 584
581 586
581 588
581 590
581 594
581 595
581 596
581 599
581 600
581 603
581 606
581 607
581 608
581 609
581 610
581 611
581 613
581 615
581 616
581 618
581 619
581 622
581 719
581 899
582 592
582 597
582 612
582 616
582 620
583 590
583 595
583 598
583 599
583 602
583 606
583 611
583 619
583 655
583 839
584 586
584 587
584 590
584 595
584 596
584 597
584 600
584 609
584 610
584 611
584 612
584 616
584 618
584 619
584 620
584 665
584 682
584 789
585 589
585 595
585 596
585 599
585 611
585 613
585 618
585 619
585 799
586 588
586 590
586 592
586 593
586 595
586 598
586 599
586 600
586 605
586 608
586 609
586 610
586 611
586 613
586 614
586 617
586 618
586 619
586 621
586 622
586 809
586 902
587 588
587 590
587 596
587 606
587 608
587 610
587 611
587 616
587 617
587 618
587 620
587 714
587 797
587 870
588 606
588 607
588 611
588 617
588 620
588 784
589 590
589 599
589 601
589 606
589 608
589 622
589 810
590 591
590 595
590 596
590 597
590 599
590 600
590 601
590 602
590 603
590 604
590 606
590 607
590 608
590 609
590 610
590 611
590 612
590 613
590 616
590 617
590 618
590 619
590 620
590 621
590 710
590 747
590 837
590 944
591 601
591 603
591 608
591 609
591 610
591 611
591 613
591 616
591 621
591 755
592 595
592 599
592 609
592 617
592 618
592 619
592 896
593 596
593 597
593 604
593 606
593 609
594 595
594 596
594 606
594 609
594 614
594 615
594 617
594 620
594 737
594 865
595 596
595 598
595 600
595 603
595 604
595 605
595 606
595 607
595 608
595 610
595 611
595 613
595 614
595 616
595 617
595 618
595 619
595 620
595 654
595 658
595 686
595 753
595 797
596 598
596 599
596 601
596 606
596 613
596 614
596 616
596 618
596 619
596 620
596 799
596 835
597 600
597 605
597 616
597 619
598 600
598 616
598 618
598 619
598 620
598 885
599 600
599 604
599 613
599 614
599 617
599 619
599 735
599 852
600 602
600 603
600 606
600 615
600 616
600 618
600 621
600 751
600 899
601 604
601 607
601 609
601 855
601 861
602 610
602 611
602 616
602 618
602 620
602 763
603 605
603 610
603 614
603 616
603 617
603 619
603 620
604 607
604 610
604 619
604 927
605 616
605 617
605 647
606 607
606 610
606 611
606 614
606 615
606 616
606 618
606 719
607 608
607 611
607 616
608 613
608 618
608 654
608 783
609 619
609 620
609 622
610 613
610 618
610 620
610 621
610 622
610 671
610 786
610 913
611 612
611 613
611 615
611 616
611 619
611 620
611 621
611 699
611 794
611 795
611 823
611 953
612 616
612 656
613 619
614 620
614 621
614 693
615 618
616 617
616 618
616 619
616 647
616 758
616 765
617 618
617 619
617 620
617 621
617 870
618 619
618 620
618 622
618 742
619 758
619 831
620 769
620 798
622 759
623 624
623 625
623 627
623 631
623 632
623 633
623 643
623 702
623 839
623 970
624 626
624 628
624 637
624 640
624 643
624 703
624 893
625 626
625 627
625 633
625 634
625 638
625 640
625 642
625 643
625 644
625 645
625 646
625 760
625 779
626 638
626 642
626 644
626 645
626 779
626 830
626 998
627 629
627 632
627 633
627 636
627 638
627 639
627 643
627 644
627 967
628 632
628 633
628 634
628 638
628 639
628 643
628 644
629 652
629 654
629 674
629 750
629 837
629 849
629 958
630 631
630 632
630 634
630 636
630 639
630 642
630 643
630 845
631 632
631 633
631 636
631 637
631 638
631 640
631 642
631 643
631 644
631 645
631 663
631 838
631 876
631 935
631 958
632 633
632 638
632 644
632 645
632 679
632 703
632 725
632 841
632 890
633 634
633 637
633 638
633 640
633 643
633 645
633 805
633 896
634 638
634 642
634 643
634 687
634 807
634 971
635 655
635 679
635 722
635 728
635 742
635 788
635 796
635 799
635 853
635 898
635 917
635 920
635 923
635 954
636 637
636 638
636 639
636 643
636 785
636 794
636 856
637 642
637 643
637 761
637 915
638 639
638 643
638 644
638 750
638 791
638 854
639 640
639 688
639 731
640 646
640 733
640 823
641 696
641 703
641 718
641 735
641 746
641 762
641 856
641 899
641 907
641 944
641 970
641 980
642 866
643 646
643 701
643 702
643 826
643 841
643 888
644 852
644 865
645 646
645 749
645 862
646 647
646 906
647 652
647 666
647 679
647 693
647 695
647 729
647 761
647 763
647 774
647 797
647 873
647 878
647 912
647 984
648 662
648 663
648 666
648 704
648 932
649 659
649 668
649 698
650 651
650 657
650 662
650 666
650 744
650 986
651 655
651 657
651 659
651 663
651 666
651 667
651 702
651 733
651 751
651 854
651 872
652 654
652 725
652 796
652 860
652 884
653 658
653 666
653 688
653 873
653 987
654 956
655 724
655 733
655 751
655 771
655 784
655 804
655 867
655 876
655 899
655 902
655 997
656 660
656 661
656 705
656 714
656 807
656 829
656 852
656 872
656 885
656 891
656 919
657 662
657 666
657 668
657 733
657 746
657 911
657 934
658 659
658 666
658 668
658 827
658 913
658 921
659 663
659 667
659 672
659 703
659 840
659 896
659 990
660 664
660 665
660 700
660 712
660 763
660 767
660 784
660 839
660 862
660 881
660 930
660 947
660 953
660 962
661 664
661 679
661 703
661 820
661 825
661 830
661 831
661 834
661 839
661 883
661 884
661 946
662 663
662 709
662 715
662 785
662 852
662 970
663 667
663 757
663 823
663 838
663 920
664 665
664 682
664 716
664 736
664 762
664 771
664 779
664 789
664 807
664 899
664 975
664 994
665 678
665 688
665 696
665 717
665 803
665 824
665 854
665 940
666 667
666 703
666 847
666 905
667 703
667 731
667 763
667 901
667 984
668 752
668 866
668 890
668 899
668 916
668 920
669 671
669 672
669 673
669 687
669 693
669 787
669 916
670 675
670 676
670 678
670 690
670 693
670 768
670 817
670 917
671 672
671 675
671 686
671 689
671 693
671 715
671 739
671 862
671 899
672 673
672 680
672 684
672 686
672 689
672 692
672 693
672 817
672 896
673 684
673 685
673 731
673 758
673 806
673 821
673 823
673 877
674 682
674 738
674 782
674 811
674 848
674 851
674 868
675 681
675 683
675 686
675 689
675 692
675 697
675 713
675 895
676 683
676 692
676 844
676 860
677 680
677 689
677 758
677 780
677 993
678 681
678 685
678 690
678 692
678 693
679 688
679 735
679 758
679 793
679 802
679 806
679 813
679 819
679 838
679 861
679 902
679 999
680 687
680 724
680 850
680 870
681 690
681 693
681 778
681 899
681 997
681 1000
682 722
682 731
682 774
682 851
682 886
683 684
683 686
683 693
683 750
683 761
683 802
683 936
684 685
684 686
684 689
684 693
684 757
684 932
685 697
685 789
686 688
686 690
686 693
686 741
686 742
686 858
687 689
687 692
687 794
688 691
688 702
688 718
688 722
688 758
688 797
688 847
688 848
688 865
688 895
688 902
688 958
689 797
689 851
690 877
690 949
691 719
691 763
691 779
691 801
691 814
691 817
691 878
691 886
691 937
692 698
692 745
692 752
692 765
693 878
693 880
694 714
694 715
694 724
694 726
694 727
694 735
694 753
694 782
694 808
694 842
694 898
694 949
695 698
695 715
695 730
695 732
695 738
695 742
695 768
695 910
695 966
695 975
695 1000
696 702
696 703
696 712
696 717
696 865
696 896
697 701
697 721
697 723
697 731
697 761
697 880
697 963
698 702
698 707
698 711
698 716
698 717
698 722
698 729
698 733
698 734
698 735
698 740
698 745
698 751
698 771
698 802
698 807
698 818
698 824
698 835
698 842
698 845
698 888
698 910
698 921
698 987
699 704
699 714
699 725
699 742
700 705
700 708
700 711
700 713
700 732
700 817
700 842
700 870
700 874
700 920
701 712
701 731
701 733
701 763
701 873
701 907
701 975
702 712
702 715
702 717
702 720
702 722
702 726
702 727
702 728
702 735
702 742
702 785
702 809
702 817
702 823
703 704
703 705
703 707
703 709
703 722
703 729
703 731
703 733
703 735
703 742
703 756
703 774
703 784
703 829
703 842
703 941
704 723
704 731
704 769
704 781
704 893
704 966
704 986
705 714
705 722
705 784
705 903
705 905
706 722
706 728
706 729
706 733
706 765
706 821
706 870
706 932
706 954
707 716
707 717
707 718
707 734
707 738
707 756
707 757
707 764
707 814
707 826
707 891
707 899
707 938
707 993
707 994
708 723
708 740
708 869
709 710
709 732
709 897
709 943
710 711
710 731
710 738
710 789
711 720
711 724
711 733
711 734
711 735
711 742
711 755
711 809
711 817
711 869
711 916
711 931
711 934
712 734
712 748
712 750
712 765
712 771
712 817
713 714
713 736
713 859
713 867
713 899
713 901
713 955
714 717
714 728
714 731
714 735
714 742
714 758
714 769
714 782
714 838
714 866
714 904
715 733
715 742
715 790
715 866
715 870
715 923
715 953
715 960
715 996
716 720
716 851
716 988
717 729
717 735
717 737
717 741
717 775
717 776
717 830
717 832
717 871
717 884
717 899
717 952
717 970
718 724
718 735
718 737
718 752
718 842
718 951
719 722
719 724
719 735
719 829
719 831
719 844
720 731
720 788
720 829
721 722
721 725
721 782
721 799
721 859
722 723
722 726
722 727
722 730
722 732
722 735
722 749
722 758
722 769
722 772
722 806
722 809
722 815
722 871
722 881
722 888
722 901
722 990
723 733
723 761
723 854
724 772
724 911
724 988
725 733
725 736
725 758
725 807
725 861
725 887
725 993
726 751
726 949
726 976
727 733
727 735
727 739
727 782
727 798
727 817
727 822
727 849
727 989
728 751
728 763
728 780
728 864
729 773
729 974
730 734
730 749
730 775
731 732
731 758
731 839
731 852
731 874
731 913
731 992
732 739
732 772
732 827
732 877
732 884
732 892
732 896
732 913
732 998
733 749
733 783
733 815
733 821
733 834
733 848
733 889
734 799
734 807
734 872
735 738
735 905
736 742
736 873
736 922
737 738
737 818
737 983
738 741
738 758
738 799
738 827
738 896
739 740
739 741
739 742
739 755
739 761
739 776
739 845
739 911
740 870
740 897
741 799
742 751
742 785
742 874
742 883
742 901
742 902
742 944
742 946
742 950
743 748
743 755
743 760
743 766
743 826
743 829
743 834
743 845
743 853
743 927
744 780
744 782
744 804
744 816
744 913
744 934
745 760
745 761
745 767
745 768
745 774
745 784
745 805
745 812
745 821
745 824
745 843
745 882
745 951
746 749
746 758
746 759
746 762
746 763
746 768
746 786
746 796
746 797
746 800
746 802
746 804
746 812
746 820
746 826
746 827
746 829
746 837
746 869
746 884
746 890
746 891
746 892
746 981
747 750
747 761
747 765
747 774
748 751
748 772
748 773
748 779
748 781
748 800
748 811
748 823
748 829
748 852
748 914
748 979
748 982
748 995
749 755
749 757
749 761
749 767
749 774
749 798
749 824
749 890
750 763
750 766
750 769
750 792
750 795
750 798
750 829
750 830
750 923
750 935
750 947
751 753
751 766
751 785
751 786
751 799
751 807
751 812
751 819
751 823
751 825
751 834
751 908
751 910
751 914
751 927
752 762
752 763
752 774
752 776
752 784
752 818
752 861
753 759
753 769
753 779
753 799
753 815
753 817
753 830
753 865
754 770
754 785
754 816
754 832
754 873
754 948
755 785
755 809
755 816
755 819
755 870
756 799
756 802
756 828
756 831
756 994
757 759
757 771
757 773
757 784
757 799
757 838
757 848
758 768
758 770
758 774
758 782
758 783
758 785
758 793
758 797
758 798
758 799
758 801
758 802
758 804
758 807
758 817
758 824
758 827
758 829
758 834
758 865
758 891
758 963
758 979
758 1000
759 760
759 762
759 780
759 799
759 830
759 866
759 893
759 926
760 778
760 780
760 781
760 784
760 785
760 791
760 799
760 809
760 815
760 889
760 913
760 971
761 771
761 777
761 784
761 785
761 809
761 814
761 818
761 826
761 940
762 763
762 778
762 780
762 781
762 803
762 830
763 773
763 774
763 779
763 784
763 789
763 794
763 807
763 833
763 845
763 877
763 888
764 774
764 785
764 787
764 806
764 818
764 901
764 927
765 771
765 779
765 780
765 790
765 793
765 797
765 815
765 823
765 834
766 779
766 785
766 795
766 862
767 780
767 805
767 829
767 860
768 783
768 786
768 788
768 789
768 798
768 799
768 801
768 802
768 827
768 828
768 831
768 833
768 857
768 968
768 973
769 774
769 780
769 784
769 785
769 790
769 797
769 798
769 799
769 802
769 807
769 816
769 818
769 820
769 829
769 845
769 901
769 911
769 955
769 993
770 773
770 800
770 827
770 841
770 842
770 894
771 776
771 783
771 807
771 828
772 773
772 787
772 788
772 796
772 797
772 832
772 834
772 881
773 784
773 789
773 804
773 817
773 829
773 830
773 904
774 776
774 778
774 780
774 794
774 796
774 803
774 806
774 809
774 817
774 821
774 826
774 835
774 841
774 854
774 895
774 901
774 902
774 926
774 964
775 794
775 807
775 814
775 815
775 816
775 817
775 854
775 965
776 791
776 834
776 885
776 898
777 808
777 812
777 814
777 831
777 881
777 950
778 781
778 785
778 789
778 819
778 821
778 823
778 826
778 901
778 933
778 955
779 808
779 829
779 830
779 854
779 952
779 958
780 797
780 807
780 810
780 813
780 824
780 826
780 831
780 857
780 901
780 911
780 957
780 959
780 973
781 788
781 789
781 804
781 826
781 891
781 899
781 923
781 985
782 814
782 824
782 875
783 815
783 823
783 826
783 1000
784 786
784 797
784 818
784 826
784 827
784 830
784 831
784 867
784 898
784 899
784 966
785 789
785 810
785 878
785 895
786 798
786 827
786 828
786 835
786 889
786 920
787 811
787 827
787 927
788 809
788 829
788 831
789 791
789 794
789 799
789 822
789 826
789 838
789 919
789 938
789 944
790 805
790 828
790 870
791 794
791 835
792 807
792 828
792 830
793 795
793 797
793 799
793 807
793 809
793 821
793 841
793 857
793 921
793 990
794 797
794 807
794 836
795 815
795 893
796 807
796 819
796 824
796 831
796 854
796 913
796 978
797 806
797 823
797 825
797 827
797 829
797 841
797 850
797 873
797 928
797 930
797 961
798 826
798 829
798 859
798 863
799 811
799 817
799 818
799 822
799 825
799 826
799 827
799 840
799 853
799 876
799 899
799 904
799 920
799 956
799 982
800 802
800 807
800 825
800 882
800 888
800 906
800 983
801 817
801 818
802 803
802 805
802 822
802 826
802 827
802 830
802 844
802 848
802 890
802 960
802 969
803 821
803 857
803 900
803 907
803 953
804 818
804 902
805 922
806 810
806 812
806 826
806 829
806 831
806 870
806 896
806 952
806 978
807 809
807 810
807 823
807 831
807 832
807 835
807 841
807 844
807 899
807 919
807 964
807 997
808 831
808 833
808 845
808 884
808 905
809 817
809 867
810 823
810 886
811 819
811 846
811 946
811 950
812 826
812 926
812 928
813 816
813 831
813 834
814 817
815 816
815 829
815 832
815 864
815 884
815 901
815 917
815 918
815 993
816 832
816 886
816 932
816 937
817 823
817 824
817 831
817 838
817 972
818 887
818 929
818 993
818 1000
819 822
819 824
819 829
819 831
819 835
819 863
820 823
820 826
820 829
820 873
820 960
821 905
821 913
822 859
823 826
823 829
823 831
823 921
823 963
823 993
824 830
824 837
824 874
824 930
825 832
826 827
826 831
826 842
826 850
826 879
826 885
826 893
826 900
826 910
826 952
826 954
826 974
826 988
826 991
827 833
827 859
827 867
827 884
827 898
827 953
828 853
829 834
829 841
829 869
829 895
829 903
829 988
830 909
831 832
831 833
831 834
831 841
831 907
831 910
831 965
832 834
832 865
832 877
832 896
832 933
833 982
833 989
834 923
834 931
835 988
835 991
836 848
836 860
836 880
836 900
837 854
837 865
837 870
837 872
837 886
837 899
838 841
838 843
838 865
838 872
838 885
838 888
838 892
838 902
838 905
838 910
838 968
838 989
839 841
839 842
839 843
839 855
839 857
839 862
839 870
839 872
839 873
839 899
839 907
839 911
839 939
839 987
840 864
840 884
840 885
840 894
841 848
841 865
841 870
841 873
841 882
841 897
841 901
841 904
841 911
841 966
842 850
842 870
842 873
842 881
842 882
842 899
843 868
843 906
843 908
843 910
843 971
843 986
844 871
844 884
844 885
844 911
845 854
845 859
845 866
845 867
845 870
845 874
845 875
845 884
845 885
845 888
845 891
845 896
845 898
845 899
845 911
846 853
846 856
846 874
846 888
846 977
846 997
847 868
847 869
847 873
847 880
847 889
847 908
848 860
848 862
848 865
848 867
848 872
848 881
848 884
848 890
848 893
848 895
848 977
849 862
849 871
849 872
849 907
850 861
850 879
850 892
850 894
850 907
851 859
851 861
851 867
851 896
851 909
851 960
852 855
852 877
852 878
852 894
852 896
852 898
852 899
852 906
852 907
852 989
853 854
853 858
853 859
853 899
853 909
853 923
853 968
853 982
854 866
854 867
854 868
854 873
854 896
854 899
854 904
854 958
854 985
855 857
855 859
855 865
855 884
856 858
856 865
856 869
856 882
856 908
856 962
857 868
857 877
857 907
857 931
858 879
858 896
858 901
858 902
858 923
858 934
859 873
859 895
859 911
859 998
860 885
860 899
860 951
861 865
861 873
861 891
861 903
861 907
861 913
861 1000
862 863
862 883
862 890
862 894
862 900
862 909
862 934
863 877
863 884
863 901
863 975
864 887
864 890
864 893
864 895
864 910
865 873
865 876
865 877
865 881
865 884
865 898
865 899
865 905
865 909
865 958
865 965
865 973
865 994
866 870
866 888
866 893
866 895
866 900
866 934
867 869
867 884
867 901
867 905
867 910
868 875
868 884
868 937
868 987
869 876
869 895
869 954
870 877
870 880
870 884
870 896
870 898
870 902
870 911
871 890
871 891
871 896
871 977
872 902
873 874
873 889
873 899
873 900
873 911
874 880
874 886
874 909
874 939
875 880
875 897
875 902
875 946
876 883
876 885
876 905
877 896
877 900
877 901
877 922
877 974
877 984
878 899
878 902
878 903
878 921
879 910
879 911
880 898
880 899
880 930
880 984
880 996
881 898
881 899
882 910
882 985
883 891
883 902
884 886
884 887
884 899
884 900
884 916
884 928
885 902
885 910
886 893
886 896
886 915
887 891
887 901
887 902
887 949
888 890
888 892
888 899
888 900
888 908
888 994
889 896
889 903
889 905
891 900
892 896
893 894
893 899
893 903
893 955
893 971
894 908
895 898
895 979
896 904
896 964
896 968
897 898
897 907
898 912
898 955
899 902
899 923
899 945
899 948
899 956
899 966
899 992
900 910
900 928
900 997
900 998
901 905
901 907
901 983
902 904
902 911
903 906
904 906
904 979
906 923
907 986
908 941
908 945
908 996
910 996
911 962
912 919
912 928
912 936
912 940
912 955
912 971
912 976
912 980
912 993
913 914
913 921
913 927
913 928
913 930
913 932
913 934
913 949
913 952
913 955
913 963
913 980
913 982
913 988
913 990
913 993
913 994
914 916
914 932
914 937
914 940
914 956
914 958
914 988
914 990
915 920
915 934
915 936
915 939
915 951
915 952
915 955
916 918
916 925
916 949
916 963
916 981
916 994
916 995
917 918
917 947
917 969
917 970
917 971
917 990
917 996
918 926
918 932
918 944
918 977
919 923
919 932
919 934
919 937
919 942
919 943
919 945
919 956
919 959
919 960
919 963
919 966
919 973
919 974
919 976
919 992
919 993
919 994
920 923
920 935
920 938
920 946
920 950
920 951
920 953
920 957
920 960
920 962
920 978
920 979
920 984
920 988
920 999
921 924
921 925
921 930
921 938
921 951
921 971
921 993
921 994
921 996
922 923
922 927
922 937
922 943
922 948
922 952
922 960
922 962
922 971
922 993
923 931
923 932
923 935
923 941
923 943
923 944
923 945
923 951
923 954
923 981
923 982
923 983
923 984
923 994
923 998
924 927
924 952
924 969
924 986
924 991
924 996
925 954
925 964
925 974
925 981
926 927
926 931
926 952
926 958
926 972
926 986
927 931
927 946
927 966
927 970
927 974
927 982
927 988
927 992
927 999
928 929
928 936
928 937
928 952
928 961
928 963
928 988
928 1000
929 936
929 948
929 954
929 987
929 991
930 932
930 934
930 939
930 946
930 953
930 955
930 956
930 983
930 988
930 993
930 995
930 996
930 997
930 998
931 935
931 941
931 950
931 951
931 952
931 965
931 966
931 968
931 1000
932 944
932 945
932 951
932 952
932 953
932 957
932 961
932 963
932 966
932 973
932 974
932 977
932 981
932 992
932 994
932 996
933 942
933 945
933 952
933 961
933 962
933 973
933 977
933 980
933 982
933 986
933 987
933 999
933 1000
934 939
934 942
934 945
934 947
934 951
934 952
934 954
934 962
934 964
934 972
934 973
934 981
934 986
934 988
934 996
934 998
935 938
935 954
935 962
936 951
936 959
936 965
937 938
937 955
937 961
937 974
937 981
937 983
937 996
937 999
938 944
938 946
938 987
939 940
939 950
939 954
939 967
939 997
939 998
940 942
940 951
940 957
940 973
941 947
941 952
941 963
941 977
941 988
942 945
942 949
942 951
942 961
942 963
942 990
943 947
943 954
943 955
943 956
943 960
943 964
943 974
943 985
943 990
944 945
944 947
944 963
944 982
944 984
944 998
945 947
945 952
945 978
945 980
945 983
945 989
945 1000
946 951
946 955
946 962
946 995
946 997
947 948
947 966
947 975
947 978
947 983
948 951
948 955
948 981
948 984
948 991
949 981
949 991
949 994
949 998
950 951
950 952
950 953
950 961
950 988
951 956
951 958
951 962
951 966
951 978
951 979
951 984
951 986
951 988
951 990
951 998
951 1000
952 954
952 962
952 975
952 977
952 988
952 990
952 992
952 996
952 997
952 1000
953 971
953 973
953 975
953 981
953 983
953 984
953 988
953 994
953 996
953 1000
954 955
954 956
954 966
954 970
954 973
955 972
955 976
955 988
955 995
956 958
956 961
956 981
956 982
956 985
956 994
957 963
957 989
957 996
958 959
958 965
958 972
958 973
958 980
958 1000
959 962
959 984
959 994
959 997
960 968
960 983
960 986
960 987
960 989
960 995
961 966
961 969
961 972
961 973
961 993
962 973
962 978
962 981
962 984
962 986
962 987
962 992
963 964
963 966
963 969
963 973
963 976
963 977
963 982
963 994
963 998
963 1000
964 968
964 975
964 981
965 982
965 984
965 998
966 972
966 974
966 979
966 992
966 1000
967 968
967 989
967 993
967 998
967 1000
968 980
968 991
968 993
969 986
969 993
969 994
970 981
970 988
970 999
971 975
971 992
973 976
973 980
973 993
973 994
973 996
974 993
974 999
975 985
975 987
976 981
977 981
977 988
977 997
977 999
978 983
978 990
978 996
979 985
979 988
979 997
979 999
980 983
980 993
981 985
981 992
981 994
982 983
982 995
983 986
983 998
984 994
984 999
985 989
985 993
985 997
986 988
986 991
986 994
986 995
986 996
987 988
988 994
988 998
989 997
993 994
994 997
995 998
997 998
997 1000
