1 827
2 867
3 2
4 827
5 884
6 2
7 827
8 898
9 2
10 827
11 953
12 1074934530
13 828
14 853
15 2
16 829
17 834
18 2
19 829
20 841
21 2
22 829
23 869
24 2
25 829
26 895
27 1076825090
28 829
29 903
30 2
31 829
32 988
33 2
34 830
35 909
36 2
37 831
38 832
39 2
40 831
41 833
42 2
43 831
44 834
45 2
46 831
47 837
48 1
49 831
50 841
51 437063682
52 831
53 907
54 2
55 831
56 910
57 2
58 831
59 965
60 2
61 831
62 966
63 1
64 832
65 834
66 2
67 832
68 865
69 2
70 832
71 877
72 2
73 832
74 896
75 2
76 832
77 933
78 2
79 833
80 982
81 2
82 833
83 989
84 2
85 834
86 923
87 2
88 834
89 931
90 2
91 834
92 993
93 1
94 835
95 988
96 2
97 835
98 991
99 2
100 836
101 848
102 2
103 836
104 860
105 2
106 836
107 880
108 2
109 836
110 900
111 2
112 837
113 854
114 2
115 837
116 865
117 2
118 837
119 870
120 2
121 837
122 872
123 2
124 837
125 886
126 2
127 837
128 899
129 2
130 838
131 841
132 2
133 838
134 843
135 2
136 838
137 865
138 2
139 838
140 872
141 2
142 838
143 885
144 2
145 838
146 888
147 2
148 838
149 892
150 2
151 838
152 902
153 2
154 838
155 905
156 2
157 838
158 910
159 2
160 838
161 968
162 2
163 838
164 989
165 2
166 839
167 841
168 2
169 839
170 842
171 2
172 839
173 843
174 2
175 839
176 855
177 2
178 839
179 857
180 2
181 839
182 862
183 2
184 839
185 870
186 2
187 839
188 872
189 2
190 839
191 873
192 2
193 839
194 899
195 2
196 839
197 907
198 2
199 839
200 911
201 2
202 839
203 939
204 -858993662
205 839
206 987
207 2
208 840
209 864
210 2
211 840
212 884
213 2
214 840
215 885
216 2
217 840
218 894
219 2
220 841
221 848
222 2
223 841
224 865
225 2
226 841
227 870
228 2
229 841
230 873
231 2
232 841
233 882
234 2
235 841
236 897
237 2
238 841
239 901
240 2
241 841
242 904
243 2
244 841
245 911
246 2
247 841
248 966
249 2
250 842
251 850
252 2
253 842
254 870
255 2
256 842
257 873
258 2
259 842
260 881
261 2
262 842
263 882
264 2
265 842
266 899
267 2
268 843
269 868
270 2
271 843
272 906
273 2
274 843
275 908
276 2
277 843
278 910
279 2
280 843
281 971
282 2
283 843
284 986
285 2
286 844
287 871
288 2
289 844
290 884
291 2
292 844
293 885
294 2
295 844
296 911
297 2
298 845
299 854
300 2
301 845
302 859
303 2
304 845
305 866
306 2
307 845
308 867
309 2
310 845
311 870
312 2
313 845
314 874
315 2
316 845
317 875
318 2
319 845
320 884
321 2
322 845
323 885
324 2
325 845
326 888
327 2
328 845
329 891
330 2
331 845
332 896
333 2
334 845
335 898
336 2
337 845
338 899
339 2
340 845
341 911
342 2
343 846
344 853
345 2
346 846
347 856
348 2
349 846
350 874
351 2
352 846
353 888
354 2
355 846
356 975
357 1
358 846
359 977
360 2
361 846
362 997
363 2
364 847
365 868
366 2
367 847
368 869
369 2
370 847
371 873
372 2
373 847
374 880
375 2
376 847
377 889
378 2
379 847
380 908
381 2
382 848
383 860
384 2
385 848
386 862
387 2
388 848
389 865
390 2
391 848
392 867
393 2
394 848
395 872
396 2
397 848
398 881
399 2
400 848
401 884
402 2
403 848
404 890
405 2
406 848
407 893
408 2
409 848
410 895
411 2
412 848
413 977
414 2
415 849
416 862
417 2
418 849
419 871
420 2
421 849
422 872
423 2
424 849
425 907
426 2
427 850
428 861
429 2
430 850
431 879
432 2
433 850
434 892
435 2
436 850
437 894
438 2
439 850
440 907
441 2
442 851
443 859
444 2
445 851
446 861
447 2
448 851
449 867
450 2
451 851
452 896
453 2
454 851
455 909
456 2
457 851
458 960
459 2
460 852
461 855
462 2
463 852
464 877
465 2
466 852
467 878
468 2
469 852
470 894
471 2
472 852
473 896
474 2
475 852
476 898
477 2
478 852
479 899
480 2
481 852
482 906
483 2
484 852
485 907
486 2
487 852
488 989
489 2
490 853
491 854
492 2
493 853
494 858
495 2
496 853
497 859
498 2
499 853
500 899
501 2
502 853
503 909
504 2
505 853
506 923
507 2
508 853
509 968
510 2
511 853
512 982
513 2
514 854
515 866
516 2
517 854
518 867
519 2
520 854
521 868
522 2
523 854
524 873
525 2
526 854
527 896
528 2
529 854
530 899
531 2
532 854
533 904
534 2
535 854
536 958
537 2
538 854
539 985
540 2
541 855
542 857
543 2
544 855
545 859
546 2
547 855
548 865
549 2
550 855
551 884
552 2
553 856
554 858
555 2
556 856
557 865
558 2
559 856
560 869
561 2
562 856
563 882
564 2
565 856
566 908
567 2
568 856
569 962
570 2
571 857
572 868
573 2
574 857
575 877
576 2
577 857
578 907
579 2
580 857
581 931
582 2
583 858
584 879
585 2
586 858
587 896
588 2
589 858
590 901
591 2
592 858
593 902
594 2
595 858
596 923
597 2
598 858
599 934
600 2
601 859
602 873
603 2
604 859
605 895
606 2
607 859
608 911
609 2
610 859
611 998
612 2
613 860
614 885
615 2
616 860
617 899
618 2
619 860
620 951
621 2
622 861
623 865
624 2
625 861
626 873
627 2
628 861
629 891
630 2
631 861
632 903
633 2
634 861
635 907
636 2
637 861
638 913
639 2
640 861
641 1000
642 2
643 862
644 863
645 2
646 862
647 883
648 2
649 862
650 890
651 2
652 862
653 894
654 2
655 862
656 900
657 2
658 862
659 909
660 2
661 862
662 934
663 2
664 863
665 877
666 2
667 863
668 884
669 2
670 863
671 901
672 2
673 863
674 975
675 2
676 864
677 887
678 2
679 864
680 890
681 2
682 864
683 893
684 2
685 864
686 895
687 2
688 864
689 910
690 2
691 864
692 945
693 1
694 864
695 960
696 1
697 865
698 873
699 2
700 865
701 876
702 2
703 865
704 877
705 2
706 865
707 881
708 2
709 865
710 884
711 2
712 865
713 898
714 2
715 865
716 899
717 2
718 865
719 905
720 2
721 865
722 909
723 2
724 865
725 958
726 2
727 865
728 965
729 1077596930
730 865
731 973
732 2
733 865
734 994
735 2
736 866
737 870
738 2
739 866
740 888
741 2
742 866
743 893
744 2
745 866
746 895
747 2
748 866
749 900
750 2
751 866
752 934
753 2
754 867
755 869
756 2
757 867
758 884
759 2
760 867
761 901
762 2
763 867
764 905
765 2
766 867
767 910
768 2
769 868
770 875
771 2
772 868
773 884
774 2
775 868
776 937
777 770
778 868
779 987
780 2
781 869
782 876
783 2
784 869
785 895
786 2
787 869
788 954
789 2
790 870
791 877
792 2
793 870
794 880
795 2
796 870
797 884
798 2
799 870
800 896
801 2
802 870
803 898
804 2
805 870
806 902
807 2
808 870
809 911
810 2
811 871
812 890
813 2
814 871
815 891
816 2
817 871
818 896
819 2
820 871
821 977
822 2
823 872
824 902
825 2
826 873
827 874
828 2
829 873
830 889
831 2
832 873
833 899
834 2
835 873
836 900
837 2
838 873
839 911
840 2
841 873
842 990
843 1
844 874
845 880
846 2
847 874
848 886
849 2
850 874
851 909
852 2
853 874
854 939
855 2
856 875
857 880
858 2
859 875
860 897
861 2
862 875
863 902
864 2
865 875
866 946
867 2
868 876
869 883
870 2
871 876
872 885
873 2
874 876
875 905
876 2
877 877
878 896
879 2
880 877
881 900
882 2
883 877
884 901
885 2
886 877
887 922
888 2
889 877
890 974
891 2
892 877
893 984
894 2
895 878
896 899
897 2
898 878
899 902
900 2
901 878
902 903
903 2
904 878
905 921
906 1075314434
907 879
908 910
909 2
910 879
911 911
912 2
913 880
914 898
915 2
916 880
917 899
918 2
919 880
920 930
921 2
922 880
923 984
924 2
925 880
926 996
927 2
928 881
929 898
930 2
931 881
932 899
933 2
934 882
935 910
936 2
937 882
938 985
939 2
940 883
941 891
942 2
943 883
944 902
945 2
946 884
947 886
948 2
949 884
950 887
951 2
952 884
953 899
954 2
955 884
956 900
957 2
958 884
959 916
960 2
961 884
962 928
963 2
964 885
965 902
966 2
967 885
968 910
969 2
970 886
971 893
972 2
973 886
974 896
975 2
976 886
977 915
978 2
979 887
980 891
981 2
982 887
983 901
984 2
985 887
986 902
987 2
988 887
989 949
990 1076785922
991 888
992 890
993 2
994 888
995 892
996 2
997 888
998 899
999 2
1000 888
