1 3
1 83
1 94
1 100
1 103
1 107
1 109
1 286
1 404
1 455
1 537
1 681
1 738
1 806
1 840
1 850
1 894
1 900
2 17
2 67
2 156
2 181
2 182
2 183
2 184
2 188
2 189
2 192
2 194
2 195
2 198
2 202
2 204
2 205
2 207
2 209
2 250
2 301
2 316
2 333
2 335
2 336
2 474
2 497
2 580
2 586
2 678
2 698
3 13
3 44
3 98
3 103
3 130
3 376
3 518
3 707
3 770
4 15
4 25
4 30
4 50
4 53
4 54
4 64
4 75
4 135
4 136
4 139
4 173
4 186
4 187
4 199
4 200
4 201
4 248
4 268
4 272
4 307
4 334
4 342
4 359
4 406
4 428
4 462
4 506
4 519
4 612
4 615
4 631
4 639
4 657
4 667
4 676
4 695
4 746
4 756
4 803
4 874
4 883
4 919
4 925
4 929
4 935
4 957
4 981
4 999
5 30
5 62
5 63
5 90
5 97
5 111
5 112
5 171
5 187
5 193
5 210
5 223
5 228
5 231
5 249
5 257
5 305
5 307
5 339
5 350
5 371
5 390
5 406
5 476
5 508
5 531
5 593
5 624
5 626
5 638
5 639
5 643
5 654
5 680
5 683
5 728
5 763
5 795
5 805
5 835
5 862
5 912
5 928
5 957
6 53
6 157
6 193
6 242
6 353
6 409
6 445
6 451
6 530
6 563
6 616
6 809
6 811
6 816
6 821
6 822
6 823
6 824
6 825
6 828
6 829
6 833
6 835
6 838
6 839
6 840
6 841
6 842
6 845
6 847
6 848
6 982
7 15
7 23
7 38
7 39
7 40
7 475
7 477
7 479
7 480
7 482
7 484
7 486
7 488
7 489
7 490
7 492
7 493
7 494
7 631
7 730
7 843
8 25
8 57
8 60
8 74
8 122
8 185
8 286
8 292
8 400
8 408
8 491
8 571
8 576
8 578
8 584
8 587
8 631
8 656
8 721
8 725
8 771
8 802
8 809
8 937
9 13
9 14
9 93
9 99
9 107
9 508
9 568
9 649
9 737
9 823
10 56
10 60
10 137
10 200
10 220
10 355
10 395
10 563
10 573
10 582
10 585
10 592
10 625
10 627
10 645
10 657
10 681
10 711
10 752
10 876
10 918
10 954
11 14
11 18
11 94
11 100
11 143
11 257
11 338
11 528
11 602
11 615
11 617
11 882
12 93
12 95
12 100
12 103
12 104
12 105
12 206
12 512
12 532
12 719
12 823
12 881
13 36
13 95
13 98
13 103
13 116
13 167
13 212
13 329
13 395
13 505
13 508
13 607
13 886
13 900
14 21
14 39
14 93
14 109
14 289
14 364
14 393
14 523
14 524
14 597
14 771
14 878
14 994
15 23
15 38
15 39
15 40
15 319
15 475
15 477
15 479
15 480
15 482
15 483
15 484
15 485
15 486
15 488
15 489
15 490
15 493
16 44
16 51
16 55
16 58
16 63
16 102
16 174
16 232
16 259
16 310
16 413
16 534
16 537
16 566
16 681
16 685
16 686
16 692
16 693
16 696
16 752
16 817
16 864
16 894
16 902
16 950
17 181
17 182
17 184
17 185
17 188
17 189
17 190
17 198
17 202
17 204
17 205
17 207
17 208
17 209
17 211
17 301
17 316
17 333
17 335
17 336
17 474
17 497
17 580
17 586
17 664
17 678
17 854
17 913
18 21
18 76
18 94
18 105
18 110
18 292
18 610
18 653
18 800
18 857
18 866
19 32
19 36
19 138
19 278
19 310
19 319
19 323
19 325
19 329
19 352
19 361
19 441
19 478
19 530
19 654
19 655
19 748
19 763
19 845
19 887
19 927
19 958
20 48
20 206
20 210
20 231
20 372
20 409
20 517
20 521
20 526
20 528
20 532
20 534
20 535
20 617
20 628
20 634
20 780
20 846
20 863
20 915
20 983
21 50
21 62
21 99
21 100
21 109
21 110
21 163
21 319
21 325
21 359
21 506
21 581
21 619
21 818
21 871
22 52
22 90
22 187
22 302
22 343
22 438
22 515
22 520
22 527
22 528
22 529
22 616
22 676
22 764
22 832
23 39
23 40
23 475
23 477
23 484
23 486
23 488
23 489
23 492
23 706
24 53
24 59
24 62
24 74
24 193
24 199
24 388
24 517
24 576
24 581
24 585
24 590
24 604
24 746
25 56
25 61
25 68
25 88
25 258
25 334
25 361
25 549
25 564
25 576
25 583
25 584
25 585
25 617
25 714
25 733
25 821
25 826
25 919
25 921
25 962
25 980
26 28
26 42
26 146
26 149
26 495
26 496
26 498
26 499
26 500
26 501
26 502
26 507
26 509
26 511
26 512
26 513
26 514
26 716
26 724
26 776
27 46
27 101
27 104
27 158
27 177
27 227
27 537
27 540
27 541
27 542
27 543
27 546
27 550
27 555
27 558
27 559
27 567
27 568
27 581
27 597
27 669
27 679
27 688
27 784
27 886
27 910
28 71
28 325
28 498
28 499
28 500
28 502
28 504
28 507
28 510
28 511
28 512
28 561
28 972
29 210
29 277
29 302
29 347
29 481
29 522
29 524
29 527
29 603
29 689
30 57
30 151
30 187
30 206
30 232
30 247
30 260
30 281
30 286
30 302
30 394
30 452
30 506
30 547
30 548
30 561
30 566
30 574
30 614
30 625
30 626
30 629
30 638
30 667
30 680
30 687
30 689
30 698
30 716
30 740
30 763
30 776
30 910
30 976
31 32
31 55
31 65
31 114
31 271
31 358
31 537
31 574
31 621
31 680
31 700
31 758
31 763
31 766
31 769
31 773
31 970
31 987
32 103
32 113
32 115
32 506
32 518
32 521
32 756
32 758
32 770
32 774
32 828
32 871
33 294
33 298
33 299
33 300
33 303
33 308
33 311
33 320
33 487
33 503
33 542
33 575
33 757
33 762
34 232
34 258
34 326
34 327
34 328
34 340
34 372
34 468
34 566
34 797
34 924
35 46
35 50
35 108
35 187
35 257
35 323
35 324
35 325
35 328
35 329
35 341
35 418
35 614
35 631
35 659
35 879
35 939
36 55
36 166
36 214
36 319
36 326
36 330
36 347
36 361
37 60
37 75
37 88
37 111
37 142
37 151
37 153
37 159
37 196
37 198
37 201
37 242
37 284
37 307
37 366
37 383
37 423
37 452
37 467
37 491
37 497
37 508
37 524
37 531
37 545
37 548
37 556
37 561
37 570
37 581
37 587
37 589
37 611
37 633
37 636
37 649
37 664
37 687
37 734
37 795
37 836
37 863
37 876
37 939
38 39
38 40
38 396
38 475
38 477
38 479
38 480
38 482
38 483
38 484
38 485
38 488
38 489
38 490
38 493
38 494
38 637
39 40
39 343
39 475
39 477
39 479
39 480
39 482
39 484
39 485
39 489
39 490
39 492
39 493
40 477
40 480
40 482
40 490
40 493
40 843
41 42
41 357
41 498
41 505
41 507
41 510
41 513
41 515
41 724
41 738
42 498
42 500
42 502
42 504
42 509
42 510
42 511
42 541
43 44
43 63
43 64
43 287
43 334
43 423
43 489
43 532
43 602
43 623
43 630
43 671
43 673
43 681
43 682
43 685
43 686
43 692
43 694
43 696
43 723
43 764
43 788
43 801
43 819
44 55
44 58
44 102
44 109
44 112
44 155
44 246
44 347
44 399
44 452
44 530
44 602
44 671
44 674
44 681
44 685
44 688
44 692
44 693
44 694
44 698
44 788
44 859
44 905
45 392
45 525
45 526
45 528
45 535
45 676
45 758
45 856
45 862
46 71
46 72
46 91
46 151
46 210
46 223
46 255
46 334
46 369
46 476
46 539
46 545
46 547
46 550
46 551
46 552
46 553
46 555
46 560
46 562
46 565
46 568
46 569
46 660
46 675
46 679
46 708
46 711
46 726
46 779
46 901
47 83
47 143
47 157
47 209
47 280
47 329
47 407
47 481
47 701
47 708
47 760
47 810
47 813
47 814
47 816
47 817
47 819
47 821
47 823
47 824
47 827
47 832
47 837
47 838
47 840
47 843
47 849
47 850
47 863
47 888
47 925
48 193
48 516
48 518
48 534
48 778
49 228
49 516
49 526
49 528
49 534
49 591
49 605
49 625
49 626
49 629
49 651
49 687
50 81
50 83
50 96
50 107
50 143
50 226
50 266
50 307
50 338
50 360
50 505
50 506
50 523
50 528
50 533
50 558
50 570
50 587
50 589
50 593
50 602
50 620
50 635
50 637
50 680
50 705
50 727
50 756
50 808
50 823
50 887
50 893
50 900
50 903
50 925
50 930
50 992
51 55
51 58
51 106
51 145
51 161
51 167
51 242
51 341
51 350
51 409
51 667
51 677
51 681
51 683
51 685
51 686
51 690
51 693
51 694
51 696
51 709
51 889
51 958
52 134
52 222
52 266
52 521
52 529
52 696
52 708
52 800
52 873
53 145
53 239
53 277
53 358
53 583
53 584
53 587
53 590
53 612
53 639
53 732
53 876
53 905
53 953
53 977
53 990
54 71
54 146
54 193
54 196
54 210
54 306
54 318
54 339
54 368
54 380
54 406
54 481
54 491
54 561
54 574
54 591
54 596
54 605
54 631
54 643
54 687
54 698
54 709
54 756
54 760
54 836
54 838
54 856
54 910
54 973
54 974
54 988
54 992
55 58
55 64
55 102
55 106
55 217
55 241
55 344
55 365
55 406
55 442
55 547
55 671
55 674
55 683
55 693
55 694
55 695
55 732
55 834
55 886
56 57
56 61
56 199
56 321
56 339
56 577
56 800
56 809
56 827
56 831
56 924
57 64
57 75
57 96
57 104
57 112
57 145
57 161
57 170
57 191
57 200
57 201
57 206
57 244
57 245
57 283
57 286
57 392
57 476
57 533
57 574
57 591
57 598
57 616
57 622
57 661
57 667
57 668
57 691
57 701
57 795
57 802
57 836
57 880
57 905
57 928
57 943
58 63
58 102
58 106
58 148
58 187
58 197
58 346
58 519
58 540
58 554
58 566
58 605
58 674
58 681
58 685
58 690
58 694
58 708
58 735
58 764
58 871
59 60
59 83
59 281
59 307
59 322
59 427
59 584
59 592
59 680
59 749
59 776
59 841
59 873
59 912
59 985
60 83
60 229
60 364
60 511
60 578
60 582
60 592
60 605
60 637
60 775
60 827
60 934
61 161
61 199
61 213
61 449
61 478
61 572
61 581
61 732
61 778
61 831
61 832
61 840
61 966
61 978
62 75
62 104
62 107
62 139
62 208
62 242
62 257
62 270
62 275
62 339
62 375
62 392
62 479
62 508
62 547
62 548
62 561
62 566
62 568
62 637
62 670
62 736
62 768
62 802
62 827
62 881
62 900
62 933
62 944
62 993
63 253
63 346
63 602
63 673
63 674
63 677
63 681
63 684
63 692
63 696
63 968
64 391
64 604
64 674
64 683
64 696
64 915
64 962
65 79
65 111
65 114
65 213
65 379
65 518
65 652
65 691
65 706
65 758
65 759
65 761
65 764
65 917
66 68
66 76
66 80
66 97
66 101
66 104
66 161
66 315
66 352
66 371
66 570
66 767
67 73
67 78
67 79
67 85
67 86
67 90
67 196
67 315
67 616
67 723
67 767
67 901
68 69
68 74
68 79
68 80
68 87
68 90
68 91
68 101
68 125
68 278
68 315
68 380
68 491
68 570
68 639
68 656
68 696
69 73
69 78
69 88
69 90
69 97
69 101
69 191
69 315
69 361
69 656
69 903
70 74
70 76
70 80
70 87
70 89
70 91
70 260
70 408
70 700
70 767
70 867
70 944
71 84
71 142
71 164
71 187
71 258
71 332
71 360
71 574
71 767
71 780
71 783
71 784
71 786
71 788
71 789
71 791
71 792
71 796
71 797
71 798
71 806
71 815
71 840
71 880
71 886
71 932
72 77
72 80
72 81
72 82
72 86
72 97
72 101
72 161
72 570
72 716
72 767
72 838
72 875
73 74
73 78
73 86
73 88
73 97
73 101
73 139
73 160
73 315
73 372
73 533
73 570
73 596
73 767
73 848
73 866
73 881
74 77
74 78
74 87
74 90
74 91
74 103
74 315
74 385
74 570
74 582
74 800
75 85
75 96
75 164
75 186
75 193
75 206
75 224
75 286
75 307
75 332
75 339
75 376
75 403
75 404
75 506
75 518
75 523
75 556
75 561
75 620
75 638
75 640
75 685
75 700
75 707
75 722
75 768
75 800
75 802
75 859
75 862
75 875
75 938
75 962
76 78
76 79
76 87
76 142
76 315
76 570
76 867
76 917
77 78
77 91
77 92
77 101
77 105
77 115
77 269
77 570
77 689
77 727
78 82
78 315
78 607
78 703
78 716
78 890
79 90
79 92
79 97
79 101
79 163
79 548
79 601
79 855
80 81
80 85
80 87
80 90
80 101
80 242
80 312
80 315
80 570
80 691
80 767
80 778
80 792
80 816
80 880
80 962
81 85
81 92
81 97
81 767
81 875
82 86
82 90
82 91
82 101
82 196
82 315
82 500
82 570
82 588
82 624
82 750
82 767
82 867
83 112
83 176
83 191
83 197
83 200
83 244
83 250
83 263
83 267
83 318
83 338
83 339
83 341
83 366
83 404
83 468
83 508
83 539
83 566
83 567
83 579
83 588
83 599
83 605
83 644
83 675
83 691
83 740
83 777
83 836
83 845
83 867
83 874
83 885
83 892
83 922
83 983
84 197
84 257
84 284
84 349
84 445
84 631
84 637
84 776
84 780
84 782
84 788
84 790
84 791
84 793
84 794
84 796
84 797
84 798
84 799
84 801
84 804
84 925
85 86
85 87
85 89
85 90
85 92
85 101
85 240
85 315
85 364
85 570
85 701
85 792
85 845
85 976
85 998
86 97
86 186
86 601
86 698
86 738
86 767
86 890
87 88
87 89
87 97
87 101
87 275
87 286
87 377
87 767
87 841
88 90
88 101
88 315
88 536
88 570
88 661
88 767
88 988
89 97
89 315
89 568
89 570
89 618
89 642
89 767
89 880
90 92
90 97
90 101
90 245
90 302
90 478
90 570
90 629
90 703
90 767
90 799
91 315
91 414
91 570
91 709
91 736
91 898
92 97
92 101
92 134
92 223
92 315
92 357
92 363
92 716
93 110
93 220
93 244
93 310
93 353
93 839
93 877
93 883
94 99
94 392
94 603
94 670
94 686
94 751
94 803
94 953
95 98
95 106
95 110
95 186
95 388
95 665
95 691
95 778
95 895
96 127
96 173
96 191
96 200
96 220
96 247
96 266
96 292
96 346
96 362
96 404
96 481
96 591
96 632
96 637
96 659
96 670
96 691
96 763
96 830
96 845
96 854
96 899
96 953
97 101
97 109
97 174
97 196
97 252
97 315
97 570
97 597
97 686
97 727
97 756
97 767
97 992
98 99
98 100
98 103
98 105
98 112
98 149
98 186
98 531
98 533
98 593
98 605
98 630
98 729
98 749
98 808
98 859
98 882
99 100
99 140
99 236
99 244
99 428
99 679
99 691
100 107
100 169
100 221
100 250
100 267
100 328
100 537
100 548
100 591
100 680
100 701
100 787
100 867
100 881
101 162
101 201
101 254
101 368
101 476
101 764
101 767
101 794
101 840
101 894
102 106
102 206
102 334
102 466
102 481
102 560
102 578
102 611
102 644
102 671
102 673
102 677
102 681
102 682
102 685
102 690
102 700
102 860
103 105
103 143
103 310
103 354
103 357
103 361
103 404
103 649
103 716
103 770
103 887
103 939
104 121
104 199
104 200
104 201
104 241
104 338
104 378
104 390
104 396
104 404
104 406
104 408
104 531
104 542
104 593
104 598
104 670
104 698
104 753
104 867
104 929
104 944
104 946
105 548
105 598
105 871
105 875
105 929
106 191
106 205
106 371
106 410
106 652
106 672
106 674
106 682
106 685
106 686
106 693
106 730
106 807
106 831
106 841
106 867
107 109
107 406
107 427
107 527
107 680
107 940
108 113
108 114
108 116
108 124
108 473
108 545
108 589
108 631
108 761
108 763
108 764
108 765
108 770
108 772
108 796
108 877
108 883
109 571
109 711
109 727
109 808
109 854
110 278
110 623
110 651
110 814
110 869
110 893
110 994
111 113
111 292
111 335
111 373
111 550
111 755
111 760
111 761
111 764
111 765
111 773
111 774
111 856
111 886
111 946
112 125
112 142
112 146
112 150
112 210
112 212
112 242
112 269
112 275
112 319
112 346
112 374
112 392
112 481
112 519
112 533
112 592
112 625
112 641
112 670
112 691
112 768
112 814
112 890
112 925
113 116
113 281
113 409
113 461
113 556
113 591
113 740
113 758
113 759
113 760
113 763
113 765
113 766
113 818
113 834
113 876
113 887
113 903
113 950
114 131
114 281
114 342
114 676
114 733
114 755
114 759
114 761
114 764
114 770
114 772
114 775
115 247
115 284
115 604
115 755
115 760
115 772
115 773
115 777
115 790
115 932
115 976
116 134
116 208
116 553
116 554
116 590
116 759
116 760
116 764
116 765
116 769
116 771
116 773
116 786
116 985
117 120
117 130
117 135
117 138
117 141
117 145
117 146
117 151
117 155
117 157
117 159
117 170
117 175
117 377
117 553
117 689
118 131
118 156
118 161
118 357
118 521
118 620
118 771
118 775
118 856
118 877
119 125
119 142
119 149
119 150
119 164
119 171
119 177
119 318
119 375
119 417
119 467
119 637
119 676
119 778
119 867
119 937
120 125
120 136
120 158
120 163
120 176
120 560
120 771
120 775
120 887
120 889
120 905
121 130
121 132
121 137
121 141
121 143
121 152
121 155
121 157
121 163
121 169
121 170
121 175
121 178
121 306
121 347
121 425
121 534
121 556
121 639
121 681
121 691
121 721
121 768
121 775
121 984
121 994
122 131
122 134
122 135
122 139
122 140
122 175
122 208
122 230
122 778
122 837
122 846
122 890
123 126
123 143
123 152
123 157
123 159
123 380
123 662
123 679
123 713
123 936
124 149
124 150
124 161
124 178
124 179
124 561
124 616
124 775
124 881
124 883
125 132
125 143
125 154
125 164
125 178
125 291
125 351
125 481
125 645
125 771
125 856
125 999
126 128
126 130
126 132
126 135
126 139
126 142
126 143
126 145
126 161
126 162
126 175
126 201
126 256
126 338
126 355
126 559
126 560
126 656
126 689
126 745
126 776
126 850
126 945
127 130
127 131
127 139
127 152
127 176
127 178
127 393
127 659
127 675
127 778
127 793
127 833
128 131
128 153
128 161
128 172
128 175
128 178
128 254
128 659
128 709
128 771
128 777
128 888
128 910
128 930
129 137
129 141
129 144
129 146
129 171
129 179
129 698
129 739
129 775
130 132
130 134
130 143
130 148
130 149
130 150
130 172
130 173
130 174
130 210
130 259
130 405
130 508
130 640
130 651
130 684
130 691
130 771
130 775
130 776
130 778
130 790
130 822
130 840
130 876
130 891
130 893
130 927
130 929
131 157
131 161
131 167
131 168
131 170
131 173
131 174
131 175
131 176
131 199
131 245
131 256
131 261
131 291
131 331
131 334
131 360
131 670
131 755
131 773
131 775
131 778
131 855
131 980
132 134
132 137
132 139
132 143
132 147
132 149
132 150
132 151
132 152
132 153
132 157
132 158
132 163
132 167
132 170
132 172
132 173
132 176
132 178
132 187
132 196
132 245
132 463
132 524
132 560
132 608
132 611
132 638
132 712
132 751
132 771
132 778
132 836
132 865
132 893
132 925
132 992
133 148
133 156
133 161
133 172
133 174
133 200
133 306
133 491
133 637
133 670
134 137
134 143
134 146
134 149
134 154
134 156
134 157
134 168
134 172
134 175
134 177
134 279
134 307
134 355
134 377
134 570
134 614
134 630
134 633
134 640
134 739
134 775
134 908
135 137
135 143
135 145
135 149
135 150
135 153
135 159
135 164
135 167
135 174
135 175
135 179
135 371
135 451
135 548
135 689
135 740
135 761
135 775
135 776
135 784
135 863
135 925
135 928
136 137
136 145
136 151
136 156
136 157
136 381
136 448
136 531
136 771
136 776
136 937
136 988
136 991
137 142
137 148
137 157
137 175
137 176
137 177
137 278
137 607
137 637
137 681
137 682
137 699
137 732
137 890
137 901
137 952
137 978
138 142
138 159
138 160
138 161
138 172
138 179
138 355
138 367
138 533
138 697
138 706
138 771
138 970
139 142
139 143
139 144
139 148
139 149
139 150
139 157
139 158
139 160
139 161
139 164
139 167
139 168
139 170
139 175
139 176
139 178
139 200
139 210
139 225
139 364
139 501
139 517
139 519
139 563
139 574
139 577
139 591
139 603
139 617
139 665
139 679
139 705
139 709
139 766
139 771
139 775
139 904
140 143
140 148
140 149
140 159
140 164
140 226
140 244
140 351
140 756
140 775
140 850
140 928
141 147
141 158
141 171
141 178
141 272
141 344
141 476
141 658
141 778
141 891
141 925
142 143
142 145
142 148
142 149
142 151
142 160
142 161
142 163
142 171
142 174
142 175
142 231
142 326
142 339
142 394
142 400
142 461
142 589
142 604
142 776
142 778
142 794
142 866
142 881
142 888
142 890
142 951
143 145
143 150
143 152
143 155
143 161
143 162
143 167
143 169
143 170
143 175
143 177
143 210
143 254
143 275
143 281
143 291
143 307
143 325
143 343
143 381
143 392
143 435
143 476
143 578
143 597
143 640
143 771
143 776
143 778
143 780
143 789
143 807
143 840
143 931
144 150
144 158
144 161
144 163
144 166
144 205
144 370
144 620
144 638
144 665
144 775
144 778
144 856
144 902
145 149
145 151
145 161
145 165
145 171
145 174
145 176
145 177
145 196
145 208
145 310
145 363
145 437
145 551
145 631
145 647
145 691
145 845
145 950
146 175
146 321
146 388
146 771
147 158
147 159
147 161
147 165
147 174
147 325
147 577
147 680
147 776
147 803
147 839
148 149
148 158
148 159
148 161
148 162
148 165
148 167
148 175
148 178
148 179
148 191
148 278
148 325
148 380
148 392
148 476
148 506
148 592
148 601
148 745
148 771
148 776
148 778
148 841
148 873
148 877
148 929
148 949
148 978
148 994
149 150
149 151
149 156
149 159
149 162
149 163
149 169
149 171
149 172
149 208
149 287
149 301
149 377
149 378
149 387
149 449
149 454
149 579
149 604
149 612
149 631
149 645
149 829
149 847
149 881
149 958
150 154
150 155
150 156
150 157
150 158
150 160
150 163
150 164
150 171
150 175
150 177
150 180
150 229
150 290
150 346
150 364
150 520
150 544
150 556
150 584
150 616
150 688
150 724
150 737
150 764
150 771
150 821
150 829
150 913
151 158
151 161
151 168
151 180
151 220
151 630
151 658
151 683
151 700
151 701
151 702
151 775
152 153
152 174
152 318
152 491
152 552
152 648
152 804
152 905
152 952
153 159
153 174
153 175
153 220
153 467
153 472
153 691
153 718
153 736
153 771
153 778
154 161
154 165
154 589
154 650
154 710
154 768
154 778
154 929
155 166
155 170
155 262
155 508
155 522
155 768
156 160
156 176
156 508
156 691
156 776
156 943
157 161
157 167
157 171
157 178
157 232
157 262
157 363
157 531
157 601
157 638
157 639
157 667
157 689
157 771
157 776
157 901
157 949
157 954
157 970
158 162
158 167
158 174
158 178
158 179
158 207
158 272
158 336
158 347
158 361
158 366
158 394
158 396
158 469
158 525
158 541
158 625
158 686
158 775
159 160
159 163
159 164
159 178
159 229
159 242
159 259
159 286
159 307
159 698
159 745
159 771
159 815
159 944
160 161
160 178
160 252
160 255
160 370
160 434
160 688
160 701
160 776
160 778
160 890
160 953
161 162
161 168
161 177
161 178
161 197
161 255
161 331
161 357
161 366
161 372
161 441
161 451
161 506
161 518
161 596
161 655
161 689
161 742
161 776
161 882
161 973
161 998
162 169
162 173
162 179
162 355
162 695
162 919
162 983
163 166
163 171
163 178
163 208
163 371
163 375
163 481
163 614
163 640
163 659
163 771
163 792
163 821
163 955
164 302
164 759
164 768
164 778
164 829
164 900
165 166
165 170
165 171
165 176
165 280
165 713
165 776
165 778
165 851
165 922
165 983
166 167
166 175
166 224
166 307
166 352
166 367
166 509
166 771
167 171
167 207
167 408
167 533
167 633
167 807
167 866
167 886
168 602
168 771
168 778
168 871
168 874
168 883
169 180
169 589
169 657
169 718
169 756
169 775
170 176
170 200
170 531
170 596
170 622
170 730
170 751
170 759
170 775
170 942
171 176
171 253
171 329
171 629
171 638
171 733
171 771
171 827
172 520
172 543
172 566
172 605
172 624
172 904
173 236
173 317
173 610
173 655
173 771
173 776
173 778
174 196
174 280
174 354
174 595
174 740
174 788
174 953
175 177
175 180
175 252
175 286
175 357
175 360
175 407
175 489
175 526
175 544
175 633
175 670
175 680
175 701
175 771
175 784
175 820
175 862
175 892
175 918
175 939
175 969
175 979
176 178
176 380
176 415
176 531
176 589
176 612
176 651
176 693
176 772
176 779
176 871
177 319
177 706
177 742
177 776
178 271
178 273
178 310
178 337
178 360
178 568
178 670
178 778
178 806
178 845
178 872
178 901
178 922
178 926
178 962
178 966
178 983
179 287
179 515
179 535
179 633
179 701
179 945
180 328
180 374
180 701
180 776
181 183
181 194
181 198
181 209
181 301
181 333
181 336
181 474
181 516
182 198
182 211
182 301
182 316
182 474
182 586
182 625
182 678
183 188
183 189
183 198
183 333
183 335
183 336
183 497
183 580
183 678
183 704
184 188
184 190
184 192
184 198
184 202
184 204
184 205
184 207
184 211
184 316
184 333
184 335
184 336
184 474
184 497
184 580
184 678
184 772
184 782
184 816
185 194
185 203
185 209
185 301
185 316
185 335
185 336
185 474
185 497
185 580
185 586
185 678
185 886
186 193
186 201
186 232
186 244
186 284
186 302
186 318
186 325
186 331
186 392
186 401
186 476
186 508
186 519
186 523
186 566
186 578
186 584
186 589
186 620
186 662
186 695
186 733
186 795
186 845
186 863
186 904
186 919
186 925
186 929
186 931
187 193
187 199
187 266
187 281
187 318
187 334
187 354
187 356
187 362
187 363
187 388
187 394
187 395
187 401
187 407
187 455
187 476
187 481
187 548
187 574
187 596
187 599
187 622
187 691
187 723
187 795
187 871
187 902
187 917
187 954
187 960
187 964
187 979
188 198
188 202
188 205
188 210
188 333
188 335
188 336
188 474
188 580
188 678
188 912
189 194
189 204
189 207
189 301
189 316
189 333
189 335
189 474
189 580
189 586
189 678
190 205
190 209
190 211
190 301
190 316
190 335
190 474
190 497
190 580
190 639
190 678
190 1000
191 193
191 318
191 364
191 372
191 403
191 476
191 522
191 571
191 572
191 579
191 601
191 607
191 649
191 689
191 779
191 795
191 836
191 845
191 847
191 863
191 876
191 890
191 895
191 902
191 933
191 965
191 984
192 301
192 316
192 333
192 335
192 336
192 580
192 586
192 678
193 196
193 201
193 210
193 222
193 227
193 253
193 269
193 290
193 306
193 328
193 337
193 364
193 371
193 380
193 387
193 531
193 533
193 568
193 585
193 597
193 631
193 633
193 636
193 670
193 689
193 695
193 713
193 753
193 776
193 786
193 813
193 835
193 836
193 840
193 843
193 886
193 890
193 892
193 947
193 980
194 204
194 209
194 211
194 301
194 333
194 474
194 586
194 602
195 202
195 209
195 316
195 333
195 335
195 336
195 474
195 497
195 556
195 586
195 668
195 678
196 216
196 262
196 302
196 310
196 334
196 360
196 371
196 383
196 396
196 450
196 512
196 533
196 535
196 548
196 552
196 566
196 579
196 589
196 590
196 612
196 624
196 633
196 688
196 695
196 702
196 752
196 768
196 806
196 808
196 855
196 881
196 909
196 946
196 952
197 260
197 318
197 324
197 345
197 356
197 357
197 361
197 388
197 481
197 486
197 533
197 561
197 566
197 579
197 591
197 629
197 660
197 676
197 682
197 687
197 695
197 704
197 739
197 775
197 797
197 814
197 889
197 930
197 975
197 979
198 203
198 205
198 207
198 301
198 316
198 333
198 335
198 336
198 497
198 580
198 586
198 678
198 695
198 982
199 206
199 220
199 306
199 307
199 310
199 334
199 345
199 363
199 374
199 391
199 394
199 409
199 435
199 443
199 476
199 481
199 505
199 519
199 556
199 574
199 589
199 618
199 653
199 723
199 746
199 750
199 773
199 785
199 840
199 846
199 928
199 929
199 947
199 966
199 972
200 258
200 283
200 321
200 357
200 418
200 476
200 481
200 508
200 517
200 556
200 602
200 604
200 653
200 689
200 712
200 818
200 837
200 850
200 866
200 902
200 904
200 930
200 957
201 210
201 230
201 257
201 284
201 307
201 337
201 339
201 350
201 356
201 362
201 392
201 403
201 548
201 572
201 616
201 637
201 670
201 737
201 754
201 756
201 875
201 922
201 977
202 209
202 301
202 333
202 336
202 476
202 497
202 580
202 586
202 678
202 798
203 204
203 207
203 240
203 316
203 335
203 336
203 474
203 580
203 586
203 590
203 678
204 209
204 211
204 301
204 316
204 333
204 335
204 336
204 356
204 474
204 580
204 586
204 678
205 207
205 211
205 301
205 316
205 333
205 335
205 336
205 474
205 497
205 586
205 678
206 208
206 217
206 224
206 281
206 297
206 306
206 318
206 356
206 358
206 381
206 387
206 393
206 408
206 476
206 490
206 491
206 498
206 507
206 523
206 531
206 561
206 574
206 593
206 609
206 617
206 618
206 633
206 649
206 676
206 683
206 691
206 729
206 738
206 805
206 812
206 842
206 873
206 893
206 922
206 978
206 979
207 209
207 301
207 316
207 333
207 336
207 580
207 678
208 226
208 232
208 277
208 302
208 310
208 315
208 384
208 389
208 390
208 491
208 506
208 533
208 561
208 618
208 619
208 641
208 642
208 674
208 677
208 689
208 691
208 756
208 767
208 808
208 823
208 848
208 875
208 896
208 899
208 985
209 211
209 301
209 316
209 333
209 335
209 336
209 474
209 497
209 580
209 586
209 678
209 788
209 961
210 254
210 281
210 289
210 306
210 318
210 364
210 380
210 392
210 409
210 470
210 506
210 548
210 589
210 591
210 605
210 676
210 682
210 685
210 689
210 695
210 776
210 779
210 808
210 812
210 832
210 845
210 902
210 925
210 935
210 974
211 301
211 316
211 335
211 336
211 347
211 497
211 580
211 838
212 226
212 229
212 250
212 279
212 287
212 292
212 364
212 735
212 754
212 836
212 993
213 220
213 225
213 241
213 244
213 253
213 262
213 282
213 289
213 328
213 731
213 785
214 227
214 231
214 232
214 245
214 275
214 291
214 429
214 555
214 635
214 887
214 970
215 223
215 224
215 241
215 246
215 255
215 256
215 266
215 272
215 274
215 276
215 281
215 287
215 307
215 344
215 362
215 397
215 523
215 529
215 548
215 552
215 553
215 631
215 638
215 795
215 882
215 963
216 226
216 244
216 246
216 261
216 269
216 286
216 359
216 689
216 691
216 922
217 228
217 241
217 263
217 265
217 269
217 283
217 287
217 348
217 566
217 750
217 921
217 995
218 221
218 242
218 255
218 257
218 276
218 289
218 347
218 446
218 561
218 674
218 744
218 801
218 951
219 222
219 232
219 252
219 278
219 279
219 398
219 409
219 687
220 222
220 229
220 231
220 232
220 238
220 240
220 241
220 242
220 244
220 245
220 250
220 251
220 259
220 265
220 267
220 269
220 273
220 275
220 281
220 284
220 288
220 291
220 302
220 389
220 395
220 413
220 440
220 444
220 452
220 525
220 617
220 631
220 636
220 639
220 664
220 702
220 710
220 758
220 938
220 952
220 995
221 229
221 245
221 247
221 250
221 269
221 287
221 340
221 357
221 654
221 700
221 730
221 825
221 869
222 231
222 250
222 254
222 255
222 256
222 281
222 367
222 377
222 607
222 703
222 709
222 746
223 230
223 232
223 241
223 244
223 260
223 274
223 281
223 284
223 362
223 571
223 681
223 808
223 871
223 904
224 228
224 231
224 232
224 250
224 252
224 254
224 255
224 259
224 262
224 265
224 275
224 278
224 282
224 322
224 369
224 386
224 530
224 564
224 623
224 689
224 693
224 722
224 898
224 955
224 972
225 231
225 247
225 258
225 260
225 262
225 264
225 267
225 277
225 285
225 352
225 455
225 521
225 617
225 880
226 227
226 228
226 235
226 240
226 241
226 242
226 245
226 246
226 248
226 251
226 257
226 269
226 277
226 278
226 281
226 286
226 291
226 307
226 351
226 372
226 389
226 591
226 610
226 637
226 685
226 710
226 756
226 801
226 863
226 866
226 873
226 923
226 980
226 991
227 235
227 268
227 281
227 556
227 690
227 947
228 247
228 254
228 257
228 258
228 260
228 271
228 310
228 458
228 566
228 655
228 742
229 231
229 238
229 249
229 252
229 254
229 262
229 273
229 292
229 320
229 364
229 491
229 523
229 530
229 561
229 604
229 887
229 984
229 985
230 235
230 236
230 252
230 288
230 337
230 755
230 790
230 973
231 232
231 241
231 242
231 244
231 247
231 248
231 254
231 255
231 271
231 284
231 288
231 337
231 347
231 400
231 451
231 545
231 557
231 635
231 661
231 848
231 863
231 976
232 233
232 237
232 241
232 244
232 246
232 250
232 251
232 252
232 253
232 271
232 272
232 281
232 290
232 347
232 356
232 468
232 478
232 531
232 594
232 610
232 647
232 803
232 855
232 856
232 911
232 921
232 932
233 235
233 257
233 264
233 288
233 360
233 387
233 409
233 904
233 912
234 246
234 249
234 259
234 262
234 271
234 280
234 285
234 290
234 334
234 344
234 524
234 698
235 262
235 272
235 344
235 845
235 859
235 930
235 932
235 978
236 241
236 252
236 258
236 260
236 261
236 321
236 334
236 666
236 676
236 799
237 262
237 266
237 269
237 291
237 292
237 476
237 506
237 767
237 907
237 961
238 244
238 263
238 268
238 548
238 597
238 640
238 812
238 845
238 934
239 240
239 245
239 248
239 266
239 277
239 287
239 410
239 502
239 668
239 763
239 905
239 961
240 244
240 269
240 289
240 292
240 739
240 772
241 246
241 257
241 260
241 263
241 268
241 276
241 277
241 283
241 284
241 286
241 288
241 290
241 291
241 302
241 325
241 329
241 381
241 391
241 403
241 409
241 446
241 519
241 548
241 593
241 616
241 626
241 775
241 842
241 867
241 890
241 894
241 913
241 959
241 962
241 1000
242 246
242 258
242 265
242 280
242 282
242 286
242 508
242 649
242 886
242 988
243 245
243 246
243 264
243 273
243 275
243 285
243 380
244 248
244 257
244 260
244 266
244 269
244 280
244 289
244 292
244 349
244 496
244 567
244 620
244 643
244 670
244 760
244 778
244 866
244 911
244 925
244 960
245 270
245 286
245 631
245 839
245 873
245 907
246 256
246 260
246 266
246 268
246 270
246 278
246 281
246 283
246 289
246 344
246 377
246 491
246 532
246 584
246 614
246 677
246 901
246 985
247 253
247 257
247 258
247 260
247 263
247 268
247 269
247 277
247 281
247 291
247 340
247 392
247 571
247 615
247 625
247 690
247 700
247 751
247 794
247 823
247 937
247 953
247 970
248 257
248 281
248 556
248 619
248 782
248 828
248 848
249 254
249 257
249 282
249 347
249 625
249 650
249 665
250 346
250 468
250 508
250 662
251 268
251 269
251 284
251 393
251 516
251 623
251 626
251 801
251 840
252 256
252 257
252 262
252 275
252 276
252 279
252 284
252 285
252 323
252 468
252 491
252 547
252 578
252 581
252 593
252 632
252 637
253 262
253 285
253 290
253 356
253 407
253 856
253 979
254 260
254 269
254 276
254 281
254 285
254 286
254 291
254 347
254 422
254 595
254 616
254 650
254 656
254 709
254 775
254 951
254 978
255 256
255 258
255 260
255 579
255 721
256 257
256 259
256 288
256 321
256 367
256 622
256 665
256 775
256 902
257 258
257 268
257 269
257 272
257 274
257 277
257 280
257 289
257 579
257 593
257 595
257 600
257 612
257 676
257 752
257 753
257 844
257 850
257 854
257 864
257 887
257 894
257 916
257 932
258 269
258 281
258 284
258 291
258 292
258 346
258 352
258 374
258 712
258 809
258 874
258 953
259 260
259 265
259 272
259 276
259 277
259 278
259 529
259 547
259 625
259 653
259 824
259 903
259 917
259 928
259 986
260 262
260 264
260 265
260 281
260 286
260 290
260 338
260 347
260 359
260 418
260 426
260 476
260 589
260 597
260 620
260 625
260 699
260 858
260 876
260 913
260 988
260 999
261 273
261 278
261 279
261 286
261 337
261 391
261 616
261 659
261 881
262 409
262 504
262 549
262 808
262 918
262 975
262 984
262 992
263 269
263 278
263 281
263 320
263 434
263 610
263 780
263 918
263 951
264 266
264 271
264 590
264 743
265 272
265 273
265 403
265 527
265 548
265 603
265 671
265 847
265 936
265 953
265 988
266 269
266 271
266 290
266 353
266 362
266 547
266 611
266 916
266 950
267 270
267 286
267 291
267 734
267 903
268 272
268 278
268 343
268 523
268 695
268 702
268 706
268 825
268 868
268 876
269 277
269 278
269 279
269 281
269 284
269 307
269 318
269 374
269 574
269 596
269 625
269 630
269 691
269 719
269 753
269 755
269 777
269 805
269 825
269 844
269 922
269 925
269 928
269 987
269 988
270 287
270 292
270 746
270 919
270 964
271 284
271 459
271 692
271 723
271 731
271 846
272 280
272 316
272 383
272 574
272 610
272 689
272 913
273 277
273 568
273 695
273 788
274 291
274 292
274 359
274 393
274 455
274 506
274 605
274 660
275 277
275 280
275 346
275 573
275 636
275 950
276 277
276 289
276 291
276 338
276 400
276 562
277 283
277 285
277 286
277 346
277 561
277 591
277 597
277 611
277 620
277 634
277 691
277 844
277 902
277 912
277 933
277 1000
278 281
278 284
278 290
278 323
278 472
278 499
278 600
278 691
278 747
278 836
278 941
278 995
279 281
279 292
279 607
279 700
279 790
279 839
280 455
280 612
280 644
281 282
281 291
281 369
281 397
281 398
281 476
281 523
281 616
281 626
281 687
281 715
281 779
281 793
281 819
281 836
281 965
282 646
282 647
282 871
283 286
283 328
283 371
283 597
283 613
284 286
284 381
284 392
284 639
284 691
284 821
284 850
284 856
284 868
285 395
285 644
285 653
285 700
285 907
286 287
286 291
286 323
286 457
286 546
286 582
286 648
286 682
286 947
287 289
287 291
287 292
287 371
287 388
287 399
287 533
287 604
287 778
287 861
287 925
288 397
288 556
288 709
289 291
289 363
289 481
289 639
289 670
289 808
289 913
289 929
290 338
290 345
290 370
290 580
290 585
290 902
291 305
291 409
291 437
291 566
291 605
291 620
291 679
291 893
291 955
292 326
292 395
292 583
292 638
292 670
292 694
292 855
292 931
293 294
293 295
293 297
293 298
293 299
293 304
293 308
293 309
293 478
293 487
293 503
293 531
293 536
293 575
293 757
293 762
294 295
294 300
294 309
294 312
294 320
294 503
294 536
294 757
294 762
294 883
295 297
295 299
295 300
295 312
295 503
295 536
295 575
295 757
295 762
295 865
296 297
296 300
296 308
296 312
296 314
296 320
296 339
296 487
296 503
296 536
296 575
296 709
296 757
296 762
297 298
297 299
297 300
297 308
297 317
297 320
297 394
297 487
297 503
297 536
297 757
298 299
298 300
298 303
298 305
298 308
298 309
298 317
298 320
298 377
298 503
298 526
298 536
298 575
298 757
298 762
299 300
299 303
299 304
299 305
299 308
299 309
299 310
299 311
299 312
299 313
299 314
299 320
299 484
299 487
299 503
299 536
299 575
299 757
299 762
299 905
300 303
300 304
300 305
300 308
300 309
300 311
300 314
300 317
300 320
300 487
300 503
300 536
300 575
300 739
300 757
300 762
300 763
300 824
301 316
301 333
301 335
301 336
301 474
301 497
301 552
301 580
301 586
301 678
301 776
301 876
302 307
302 310
302 334
302 349
302 357
302 429
302 478
302 523
302 566
302 618
302 632
302 637
302 638
302 661
302 754
302 776
302 836
302 867
302 873
302 891
302 925
302 935
303 308
303 311
303 487
303 503
303 536
303 727
303 762
304 308
304 312
304 320
304 487
304 503
304 536
304 575
304 757
304 762
304 925
304 986
305 309
305 311
305 312
305 320
305 487
305 503
305 536
305 575
305 757
305 762
306 338
306 339
306 409
306 519
306 556
306 592
306 602
306 619
306 623
306 680
306 687
306 691
306 718
306 728
306 857
306 881
306 889
306 899
306 982
306 989
307 318
307 327
307 506
307 545
307 631
307 637
307 641
307 654
307 663
307 677
307 680
307 690
307 768
307 862
307 881
307 889
307 928
307 929
307 931
307 988
308 309
308 311
308 312
308 314
308 320
308 334
308 481
308 487
308 503
308 536
308 575
308 757
308 762
308 798
309 313
309 317
309 320
309 359
309 487
309 503
309 536
309 575
309 757
309 762
309 860
310 360
310 392
310 421
310 422
310 481
310 508
310 519
310 529
310 531
310 532
310 574
310 579
310 600
310 609
310 621
310 651
310 686
310 687
310 689
310 691
310 695
310 798
310 813
310 835
310 836
310 846
310 856
310 877
310 905
310 916
310 930
310 932
310 933
311 320
311 487
311 536
311 575
311 640
312 320
312 536
312 575
312 757
313 314
313 320
313 487
313 503
313 536
313 575
313 757
313 762
313 897
314 320
314 426
314 503
314 536
314 575
314 757
314 762
314 782
315 467
315 592
315 628
315 631
315 641
315 767
315 896
316 333
316 335
316 336
316 474
316 497
316 580
316 585
316 586
316 678
316 901
316 931
317 320
317 503
317 536
317 575
317 757
317 762
318 466
318 531
318 551
318 604
318 631
318 691
318 756
318 758
318 775
318 795
318 802
318 814
318 839
318 989
319 321
319 325
319 331
319 399
319 478
319 491
319 532
319 556
319 616
319 761
319 771
319 851
319 853
319 884
319 949
319 988
320 389
320 487
320 503
320 536
320 575
320 757
320 762
321 323
321 325
321 330
321 332
321 530
321 532
321 557
321 670
321 716
321 754
321 779
321 866
321 916
321 922
321 949
322 324
322 328
322 331
322 337
322 532
322 554
322 623
322 833
322 887
322 888
322 904
322 925
323 328
323 332
323 337
323 343
323 393
323 594
323 597
323 648
323 698
323 723
323 877
323 899
324 340
324 478
324 614
324 655
324 871
324 911
324 929
324 968
325 326
325 331
325 366
325 374
325 407
325 527
325 532
325 633
325 643
325 659
325 778
325 958
326 330
326 481
326 538
326 555
326 615
326 851
326 881
327 330
327 340
327 341
327 931
328 331
328 348
328 633
328 718
328 819
329 332
329 337
329 377
329 397
329 532
329 583
329 643
329 764
329 857
330 416
330 530
330 532
330 559
330 674
330 695
330 725
330 746
330 868
331 341
331 390
331 408
331 476
331 530
331 591
331 594
331 608
331 745
331 760
331 761
331 775
332 337
332 340
332 412
332 478
332 517
332 561
332 722
332 734
332 754
332 782
332 783
332 891
332 935
333 335
333 336
333 474
333 497
333 580
333 586
333 678
333 929
333 931
334 386
334 476
334 495
334 519
334 527
334 531
334 548
334 612
334 680
334 700
334 701
334 711
334 730
334 747
334 756
334 774
334 824
334 863
334 914
334 915
334 944
334 960
335 336
335 450
335 474
335 497
335 580
335 586
335 678
335 760
335 804
336 474
336 497
336 580
336 586
336 678
337 341
337 344
337 396
337 443
337 530
337 616
337 853
337 978
338 351
338 359
338 368
338 385
338 491
338 531
338 539
338 561
338 591
338 596
338 612
338 626
338 646
338 655
338 656
338 670
338 695
338 732
338 808
338 882
338 889
338 910
338 947
338 957
338 976
339 364
339 404
339 430
339 478
339 548
339 574
339 625
339 644
339 719
339 836
339 890
339 902
339 907
340 354
340 380
340 385
340 395
340 454
340 478
340 542
340 555
340 611
340 654
340 943
341 361
341 397
341 530
341 623
341 686
341 836
341 871
341 976
342 343
342 363
342 389
342 439
342 821
342 960
343 377
343 670
343 808
343 887
343 909
344 346
344 347
344 361
344 373
344 389
344 394
344 439
344 533
344 566
344 580
344 627
344 634
344 637
344 638
344 798
344 836
344 845
344 852
344 898
345 373
345 392
345 409
345 529
345 556
345 628
345 863
345 971
346 364
346 396
346 397
346 407
346 409
346 478
346 500
346 556
346 625
346 679
346 723
346 752
346 756
346 795
346 908
346 918
346 936
347 355
347 371
347 392
347 395
347 565
347 615
347 710
347 813
348 369
348 383
348 439
348 617
348 638
348 785
348 791
348 842
349 354
349 355
349 556
349 631
349 725
349 795
349 877
349 914
350 364
350 370
350 384
350 574
350 587
350 755
350 789
350 868
350 878
351 356
351 367
351 392
351 422
351 524
351 590
351 593
351 745
351 782
352 404
352 408
352 705
352 721
352 836
352 898
353 368
353 388
353 669
353 753
353 766
353 897
353 937
354 381
354 403
354 406
354 418
354 610
354 638
354 803
354 871
354 907
354 931
355 362
355 370
355 372
355 404
355 506
355 532
355 593
355 595
355 605
355 620
355 709
355 720
355 770
355 790
355 795
355 838
355 844
355 915
355 940
355 976
356 363
356 364
356 399
356 407
356 453
356 704
356 731
356 871
356 884
356 898
356 901
356 915
356 929
356 962
357 364
357 367
357 372
357 374
357 375
357 381
357 384
357 391
357 408
357 433
357 464
357 611
357 616
357 617
357 635
357 676
357 819
357 881
357 884
357 944
357 980
358 370
358 394
358 407
358 417
358 548
358 584
358 671
358 745
358 827
358 906
358 992
359 360
359 371
359 377
359 381
359 387
359 392
359 395
359 410
359 458
359 476
359 506
359 524
359 558
359 610
359 651
359 665
359 700
359 795
359 870
359 874
359 879
359 881
359 885
360 376
360 380
360 383
360 385
360 400
360 409
360 548
360 592
360 593
360 743
360 808
360 820
360 944
360 992
361 379
361 385
361 408
361 409
361 433
361 531
361 689
361 740
361 836
361 865
361 904
362 375
362 387
362 388
362 595
362 639
362 788
362 836
362 871
362 962
363 380
363 392
363 394
363 419
363 566
363 818
363 881
363 928
363 941
363 959
364 371
364 374
364 380
364 382
364 396
364 547
364 579
364 590
364 625
364 672
364 689
364 714
364 741
364 766
364 776
364 836
364 838
364 867
364 869
364 882
364 883
364 894
364 950
364 984
365 380
365 402
365 436
365 605
365 819
365 836
365 886
365 971
365 987
366 391
366 406
366 631
366 637
367 375
367 377
367 397
367 405
367 415
367 418
367 481
367 519
367 581
367 603
367 616
367 639
367 667
367 711
367 737
367 782
367 785
367 808
367 894
367 919
367 967
368 404
368 406
368 555
368 766
368 868
368 907
368 914
368 938
369 386
369 395
369 402
369 530
369 647
369 709
369 838
369 929
370 408
370 519
370 522
370 532
370 593
370 680
370 778
370 799
370 876
370 978
371 376
371 394
371 396
371 404
371 558
371 602
371 614
371 634
371 637
371 669
371 689
371 724
371 768
371 823
371 828
371 888
371 912
371 970
371 998
372 388
372 397
372 409
372 482
372 527
372 626
372 781
372 892
372 980
373 387
373 473
373 496
373 532
373 533
373 585
373 731
373 790
373 943
374 392
374 409
374 566
374 606
374 694
374 709
374 747
374 769
374 801
374 929
375 526
375 871
375 998
376 404
376 533
376 627
376 639
376 709
376 721
376 824
376 903
377 392
377 611
377 649
377 726
377 875
378 390
378 404
378 625
378 871
378 887
378 890
378 955
379 385
379 415
379 457
379 588
379 608
379 619
379 768
379 865
380 389
380 391
380 395
380 409
380 476
380 513
380 561
380 579
380 593
380 601
380 603
380 609
380 617
380 669
380 686
380 700
380 717
380 720
380 739
380 764
380 775
380 868
380 876
380 994
381 629
381 709
381 958
382 383
382 615
382 687
382 804
382 838
382 876
382 893
382 925
382 931
382 951
383 401
383 481
383 622
383 663
383 679
383 704
383 756
383 757
383 769
383 776
383 876
383 933
383 997
384 409
384 505
384 649
384 674
384 758
384 796
384 916
385 526
385 619
385 676
385 680
385 780
385 829
385 853
385 873
385 911
386 396
386 546
386 556
386 589
386 634
386 680
386 884
386 951
387 388
387 392
387 393
387 402
387 407
387 427
387 463
387 470
387 589
387 599
387 634
387 646
387 671
387 728
387 793
387 863
387 929
387 986
388 408
388 518
388 548
388 589
388 619
388 633
388 648
388 756
388 777
388 808
388 960
389 550
389 607
389 700
389 744
389 763
390 393
390 407
390 481
391 403
391 404
391 445
391 622
391 700
391 704
391 735
391 771
391 805
391 811
391 837
391 936
391 967
392 397
392 399
392 476
392 508
392 534
392 545
392 574
392 614
392 667
392 668
392 670
392 695
392 711
392 729
392 795
392 808
392 823
392 890
392 950
392 966
392 987
392 996
393 886
394 476
394 625
394 650
394 795
394 870
394 913
394 915
394 968
395 628
395 645
395 659
395 734
395 747
395 770
395 864
395 986
396 405
396 409
396 538
396 556
396 574
396 608
396 625
396 650
396 760
396 857
396 908
397 476
397 531
397 553
397 615
397 726
397 804
397 921
397 986
398 403
398 407
398 648
398 730
398 746
398 799
398 915
398 938
398 998
399 514
399 574
400 406
400 593
400 767
400 771
400 787
401 404
401 564
401 566
401 655
401 746
401 858
401 871
401 950
402 566
402 611
402 673
402 836
402 896
403 481
403 625
403 662
403 779
404 468
404 514
404 533
404 547
404 583
404 637
404 638
404 660
404 698
404 711
404 723
404 751
404 815
404 826
404 845
404 867
404 874
404 886
404 934
405 628
405 638
405 686
405 838
406 598
406 647
406 772
406 897
406 951
406 989
407 424
407 463
407 520
407 521
407 582
407 594
407 596
407 608
407 626
407 640
407 641
407 676
407 834
407 933
408 515
408 548
408 653
408 680
408 808
408 904
409 427
409 459
409 481
409 533
409 569
409 582
409 621
409 632
409 657
409 676
409 709
409 728
409 756
409 805
409 836
409 848
409 855
409 916
409 929
409 936
410 411
410 412
410 414
410 417
410 418
410 422
410 425
410 432
410 433
410 434
410 437
410 440
410 441
410 442
410 448
410 449
410 451
410 452
410 455
410 457
410 458
410 461
410 463
410 464
410 469
410 471
410 472
410 491
410 533
410 637
410 756
410 785
410 856
410 879
410 992
411 413
411 415
411 429
411 442
411 447
411 452
411 457
411 614
412 413
412 414
412 425
412 434
412 441
412 448
412 455
412 463
412 467
412 468
412 473
412 570
412 651
412 658
412 703
413 418
413 432
413 439
413 445
413 448
413 463
413 614
414 415
414 417
414 422
414 424
414 425
414 427
414 433
414 450
414 452
414 455
414 458
414 459
414 463
414 465
414 466
414 467
414 665
414 881
415 417
415 418
415 419
415 423
415 425
415 429
415 436
415 439
415 443
415 444
415 445
415 454
415 455
415 456
415 457
415 461
415 462
415 662
415 760
415 800
415 860
415 966
416 417
416 423
416 427
416 440
416 444
416 455
416 465
416 468
416 593
416 950
417 421
417 423
417 435
417 438
417 442
417 450
417 455
417 459
417 460
417 462
417 468
417 550
417 632
417 901
418 421
418 424
418 425
418 426
418 427
418 433
418 434
418 435
418 440
418 444
418 447
418 448
418 463
418 470
418 773
418 790
419 424
419 426
419 437
419 438
419 440
419 463
419 469
419 471
419 506
419 742
419 886
420 423
420 425
420 426
420 445
420 453
420 455
420 458
420 468
420 481
421 430
421 431
421 434
421 436
421 448
421 454
421 463
421 466
421 670
421 804
421 884
422 431
422 434
422 445
422 449
422 450
422 458
422 466
422 523
423 428
423 429
423 431
423 436
423 440
423 442
423 443
423 444
423 445
423 450
423 456
423 459
423 572
423 881
424 425
424 428
424 429
424 432
424 467
424 468
424 473
424 635
424 687
424 909
425 435
425 436
425 437
425 439
425 442
425 443
425 444
425 445
425 448
425 450
425 452
425 454
425 455
425 457
425 459
425 461
425 463
425 465
425 466
425 468
425 584
425 610
425 670
425 676
425 695
425 713
425 751
425 856
425 889
425 928
426 443
426 448
426 451
426 466
426 472
427 432
427 434
427 441
427 445
427 446
427 450
427 459
427 463
427 464
427 465
427 468
427 469
427 508
427 641
427 760
428 429
428 434
428 435
428 440
428 444
428 445
428 447
428 455
428 472
428 925
428 968
429 437
429 438
429 440
429 442
429 445
429 448
429 450
429 452
429 458
429 461
429 463
429 467
429 470
429 471
429 472
429 481
430 437
430 438
430 444
430 445
430 457
430 459
430 466
430 467
430 468
430 558
430 568
430 830
431 441
431 444
431 457
431 468
431 471
431 584
431 597
431 902
432 433
432 440
432 443
432 450
432 454
432 456
432 460
432 461
432 463
432 466
432 468
432 563
432 616
432 619
432 709
432 770
433 436
433 441
433 455
433 466
433 748
434 436
434 445
434 458
434 462
434 463
434 560
434 579
434 679
435 452
435 453
435 459
435 468
435 1000
436 443
436 444
436 450
436 468
436 667
436 676
436 715
437 443
437 445
437 449
437 452
437 456
437 457
437 460
437 467
437 468
437 473
437 603
437 690
437 801
437 994
438 442
438 449
438 459
438 464
438 866
439 442
439 447
439 448
439 452
439 453
439 459
439 467
439 476
440 442
440 445
440 448
440 455
440 468
440 472
440 623
440 633
440 689
440 691
440 887
441 442
441 448
441 451
441 453
441 455
441 466
441 652
442 445
442 447
442 448
442 451
442 454
442 455
442 459
442 467
442 534
442 620
442 694
442 761
442 853
442 885
443 445
443 448
443 450
443 465
443 472
443 613
443 779
443 836
444 445
444 448
444 449
444 450
444 455
444 459
444 605
445 448
445 450
445 451
445 452
445 454
445 455
445 459
445 463
445 464
445 465
445 466
445 468
445 472
445 511
445 593
445 611
445 630
445 699
445 905
445 915
445 958
445 977
445 994
446 447
446 449
446 455
446 459
446 460
446 462
446 468
446 615
446 714
447 465
447 947
447 958
448 451
448 452
448 455
448 459
448 463
448 468
448 472
448 541
448 576
448 596
448 655
448 716
448 754
448 791
448 828
448 901
449 453
449 458
449 459
449 472
449 473
449 591
449 641
449 952
450 455
450 459
450 462
450 467
450 468
450 647
450 871
451 456
451 465
451 466
451 468
451 471
451 619
452 455
452 456
452 463
452 470
452 507
452 988
453 463
453 464
453 465
453 530
454 470
454 933
455 456
455 457
455 459
455 461
455 462
455 463
455 465
455 468
455 472
455 473
455 546
455 594
455 595
455 675
455 701
455 827
455 868
456 463
456 580
456 863
456 880
457 458
457 464
457 676
457 759
458 460
458 463
458 473
458 502
458 677
458 709
459 460
459 461
459 463
459 464
459 466
459 467
459 468
459 470
459 491
459 647
459 731
459 826
459 944
460 468
460 471
460 538
460 542
460 699
461 465
461 579
461 604
462 468
462 469
462 506
462 997
463 471
463 591
463 630
463 807
463 836
463 872
463 919
464 469
464 697
464 766
465 472
465 577
465 662
466 468
466 519
466 553
466 655
467 468
467 472
467 968
468 469
468 472
468 640
468 836
468 889
468 901
469 471
469 670
469 684
470 472
470 473
470 688
471 856
471 863
472 568
472 586
472 620
472 755
473 921
474 491
474 497
474 580
474 586
474 678
474 716
475 479
475 480
475 483
475 485
475 486
475 488
475 489
475 490
475 492
475 493
475 494
475 609
475 650
476 478
476 523
476 539
476 548
476 561
476 566
476 589
476 651
476 652
476 666
476 691
476 750
476 768
476 785
476 790
476 814
476 829
476 866
476 867
476 891
476 932
476 944
476 958
476 973
476 992
477 479
477 480
477 485
477 486
477 489
477 490
477 492
477 494
477 616
477 682
478 523
478 530
478 532
478 566
478 734
478 806
478 808
478 846
478 863
479 480
479 485
479 489
479 493
480 482
480 483
480 485
480 486
480 488
480 489
480 490
480 492
480 493
480 494
480 691
480 754
481 552
481 564
481 593
481 605
481 623
481 637
481 639
481 680
481 687
481 691
481 755
481 756
481 760
481 795
481 808
481 839
481 864
481 890
481 904
481 912
481 930
481 964
481 980
482 483
482 485
482 488
482 489
482 490
482 493
482 494
482 666
483 484
483 486
483 489
483 492
483 493
483 494
483 556
484 485
484 489
484 492
485 488
485 489
485 493
485 614
485 923
486 489
486 493
487 503
487 507
487 536
487 575
487 611
487 757
487 762
487 797
488 489
488 490
488 493
488 664
489 492
489 493
489 494
489 730
490 492
490 493
490 557
491 523
491 579
491 581
491 593
491 631
491 637
491 670
491 676
491 689
491 698
491 752
491 772
491 825
491 887
491 910
491 918
491 927
491 955
491 967
492 493
493 494
493 589
493 670
494 674
495 498
495 500
495 501
495 510
495 511
495 514
495 881
496 498
496 499
496 501
496 502
496 507
496 509
496 511
496 515
496 753
496 756
497 549
497 580
497 586
497 678
497 753
498 499
498 500
498 505
498 507
498 509
498 510
498 512
498 513
498 515
498 619
498 766
498 775
499 502
499 504
499 505
499 507
499 514
499 625
499 655
499 709
500 507
500 513
500 514
500 856
501 502
501 504
501 505
501 507
501 509
501 513
501 838
501 886
502 504
502 505
502 507
502 509
502 512
502 515
502 551
502 758
503 575
503 655
503 689
503 692
503 757
503 762
504 505
504 509
504 511
504 515
504 863
504 901
505 507
505 509
505 510
505 511
505 512
505 515
505 929
506 516
506 519
506 520
506 523
506 566
506 609
506 610
506 680
506 717
506 829
506 863
506 881
506 887
506 908
506 930
506 945
507 510
507 511
507 512
507 514
507 515
507 883
508 574
508 626
508 634
508 643
508 678
508 687
508 695
508 725
508 836
508 846
508 847
508 873
508 885
508 916
508 949
508 991
508 995
509 513
509 620
509 944
510 907
510 997
511 512
511 761
511 825
512 515
512 687
513 514
513 695
513 784
514 515
514 565
515 727
516 520
516 524
516 525
516 718
516 874
516 883
516 931
517 521
517 522
517 527
517 550
517 588
517 648
517 796
518 521
518 525
518 534
518 586
518 691
518 756
518 761
518 862
519 548
519 596
519 617
519 650
519 709
519 715
519 793
519 821
519 908
519 925
519 985
520 525
520 527
520 614
520 639
520 695
520 794
520 861
521 528
521 745
521 771
521 794
521 820
521 904
521 905
522 524
522 535
522 623
523 548
523 565
523 575
523 579
523 610
523 621
523 625
523 635
523 654
523 680
523 697
523 710
523 768
523 780
523 840
523 865
523 893
523 899
523 901
523 955
523 962
524 527
524 529
524 696
524 736
524 890
525 680
525 866
526 534
526 540
526 865
526 888
527 535
527 616
527 639
527 695
527 813
527 906
527 962
528 534
528 565
528 574
528 611
528 778
528 805
528 886
529 534
529 595
529 626
529 720
529 741
529 890
530 632
530 651
530 668
530 758
530 797
530 799
530 900
530 950
530 981
531 533
531 613
531 709
531 713
531 745
531 756
531 781
531 795
531 800
531 836
531 862
531 892
531 896
531 937
531 976
531 998
531 1000
532 601
532 626
532 651
532 740
532 746
532 756
532 782
532 900
533 556
533 585
533 591
533 592
533 604
533 612
533 624
533 625
533 669
533 670
533 681
533 768
533 769
533 795
533 797
533 800
533 805
533 833
533 845
533 875
533 892
533 945
533 989
533 997
534 584
534 655
534 740
534 779
534 799
534 830
535 581
535 592
535 625
535 915
535 968
535 988
535 989
536 551
536 575
536 737
536 757
536 762
537 542
537 547
537 549
537 551
537 552
537 555
537 559
537 560
537 581
537 640
537 679
537 868
537 916
538 544
538 547
538 551
538 552
538 555
538 693
538 743
538 929
539 551
539 560
539 636
539 651
539 675
539 679
539 710
540 543
540 544
540 549
540 559
540 568
540 679
540 700
540 893
541 552
541 553
541 557
541 564
541 918
541 984
542 554
542 558
542 560
542 568
542 622
542 675
542 876
542 895
543 545
543 547
543 550
543 555
543 558
543 565
543 617
543 675
543 781
543 871
543 891
543 983
544 553
544 554
544 563
544 704
544 916
544 944
545 547
545 552
545 553
545 554
545 555
545 558
545 568
545 569
545 625
545 685
545 863
545 895
545 996
546 547
546 552
546 558
546 564
546 568
546 569
546 637
546 675
546 761
547 549
547 551
547 560
547 561
547 567
547 568
547 584
547 644
547 655
547 675
547 679
547 724
547 740
547 930
548 566
548 568
548 591
548 622
548 625
548 653
548 662
548 664
548 682
548 711
548 722
548 759
548 840
548 845
548 857
548 873
548 876
548 929
548 950
548 984
548 998
549 550
549 555
549 564
549 675
549 881
550 553
550 561
550 563
550 568
550 700
550 731
550 918
551 570
551 675
551 679
551 804
551 881
551 969
552 553
552 559
552 560
552 562
552 568
552 599
552 679
552 760
552 820
552 904
552 917
553 563
553 568
553 573
553 612
553 616
553 679
553 882
554 557
554 559
554 562
554 831
554 895
554 962
555 560
555 565
555 568
555 569
555 611
555 631
555 679
555 817
556 561
556 573
556 574
556 583
556 626
556 639
556 687
556 795
556 815
556 836
556 840
556 841
556 857
556 931
557 563
557 567
557 675
557 741
557 804
558 559
558 560
558 564
558 675
558 700
558 940
559 588
559 612
559 917
559 931
559 964
560 567
560 585
560 679
560 768
560 845
560 923
560 977
561 591
561 593
561 622
561 641
561 649
561 689
561 809
561 856
561 871
561 886
561 889
561 895
561 904
562 568
562 646
562 667
562 679
562 699
562 858
562 999
563 565
563 704
563 824
564 568
564 659
564 675
564 682
564 944
565 587
565 646
565 679
566 584
566 620
566 630
566 638
566 676
566 740
566 774
566 798
566 845
566 851
566 852
566 902
566 924
566 934
567 605
567 675
567 889
568 572
568 675
568 679
568 687
568 702
568 828
568 834
568 867
568 948
569 606
569 675
569 689
569 765
569 889
569 938
570 613
570 767
570 878
571 577
571 587
571 597
571 612
571 713
571 902
572 583
572 587
572 595
572 651
572 840
573 578
573 588
573 784
573 890
574 579
574 581
574 625
574 643
574 667
574 698
574 704
574 760
574 808
574 819
574 876
574 889
574 934
574 953
574 989
574 992
574 993
574 995
575 620
575 757
575 762
575 932
576 577
576 661
576 700
576 712
576 836
576 883
577 583
577 663
577 673
577 740
577 815
577 883
577 885
577 917
577 971
578 582
578 606
578 620
578 737
578 763
578 855
578 929
579 583
579 595
579 617
579 623
579 653
579 676
579 680
579 899
579 922
579 926
580 586
580 678
581 582
581 590
581 604
581 752
581 774
582 596
582 730
583 588
583 590
583 625
583 631
583 649
583 711
583 728
583 773
583 775
583 912
583 939
584 592
584 620
584 798
584 801
584 878
584 887
585 590
585 599
585 646
586 678
586 928
587 608
587 619
587 631
587 646
587 749
587 887
587 906
588 887
589 591
589 648
589 655
589 704
589 732
589 736
589 808
589 845
589 867
589 868
589 886
589 898
589 905
589 916
590 651
590 657
590 715
590 777
590 809
590 963
590 992
591 598
591 664
591 670
591 673
591 680
591 756
591 821
591 884
591 886
591 889
591 965
592 615
592 901
593 624
593 675
593 691
593 706
593 795
593 925
593 946
593 969
594 616
594 620
594 664
594 839
594 956
595 597
595 614
595 635
595 651
595 684
595 798
595 801
595 882
596 603
596 612
596 615
596 639
596 845
596 884
596 985
597 605
597 615
597 620
597 637
597 649
597 668
597 691
597 887
597 935
598 631
598 638
598 662
598 740
598 763
598 906
598 995
599 621
599 645
599 729
599 754
599 764
600 642
600 652
600 657
600 982
600 989
601 625
601 631
601 636
601 836
601 896
601 922
601 983
601 992
602 614
602 619
602 624
602 625
602 650
602 712
602 799
602 889
602 900
602 920
602 965
603 612
603 627
603 746
604 612
604 651
604 653
604 655
604 738
604 753
604 834
604 984
605 635
605 639
605 641
605 646
605 659
605 687
605 733
605 768
605 805
605 924
606 645
606 656
606 674
606 790
606 857
607 614
607 620
607 623
607 670
607 770
607 952
608 609
608 641
608 774
608 867
609 654
610 614
610 633
610 636
610 655
610 756
610 758
610 775
611 616
611 631
611 633
611 637
611 642
611 643
611 654
611 676
611 707
611 746
611 792
611 858
611 876
611 887
611 944
611 957
612 615
612 621
612 640
612 644
612 660
612 676
612 683
612 818
612 866
612 917
613 621
613 625
613 626
613 668
613 768
613 782
613 808
613 845
613 849
613 863
613 887
613 915
614 632
614 665
614 689
614 711
614 800
614 808
614 846
614 861
614 901
614 952
615 633
615 652
615 695
615 853
616 629
616 639
616 650
616 655
616 659
616 685
616 730
616 782
616 786
616 890
616 894
617 626
617 648
617 655
617 659
617 666
617 707
617 711
617 786
617 881
617 882
617 913
618 625
618 668
618 884
619 624
619 633
619 637
619 649
619 656
619 704
619 773
619 788
619 792
619 859
619 903
619 916
619 962
619 978
620 627
620 637
620 638
620 648
620 653
620 659
620 660
620 670
620 778
620 803
620 811
620 812
620 824
620 836
620 871
620 874
620 876
620 889
620 899
620 901
620 902
620 940
620 990
621 704
621 728
621 809
622 628
622 638
622 647
622 710
623 625
623 640
623 660
623 910
623 925
623 956
623 958
624 638
624 869
624 901
624 929
625 629
625 630
625 634
625 639
625 667
625 695
625 742
625 767
625 772
625 799
625 912
625 928
625 947
625 959
625 988
626 628
626 661
626 664
626 680
626 835
626 845
626 854
626 909
626 939
627 836
627 864
627 884
627 886
628 648
628 680
628 701
628 725
628 742
628 808
629 651
629 672
629 928
629 962
630 637
630 644
630 667
630 952
631 637
631 639
631 647
631 651
631 659
631 666
631 755
631 771
631 784
631 848
631 852
631 885
631 962
631 971
632 644
632 726
632 776
632 867
633 639
633 645
633 646
633 651
633 654
633 657
633 767
633 772
633 787
633 791
633 796
633 797
633 817
633 820
633 842
633 881
633 901
633 985
634 638
634 663
634 664
634 760
634 893
634 913
634 920
634 922
635 662
635 672
635 776
635 901
636 648
636 655
636 662
636 748
636 791
636 839
636 884
636 901
636 908
636 925
636 982
637 639
637 643
637 651
637 676
637 751
637 756
637 855
637 866
637 876
637 897
637 902
637 950
637 980
638 653
638 776
638 816
638 864
638 922
639 642
639 651
639 666
639 800
639 823
639 892
639 938
639 941
640 654
640 656
640 817
640 976
640 989
640 997
641 658
641 850
641 854
642 904
642 944
642 988
643 669
643 742
643 751
643 774
643 855
643 934
644 818
644 845
644 853
644 886
644 911
644 966
645 663
645 665
645 748
645 820
645 850
645 860
645 889
645 922
646 655
646 663
646 836
646 858
646 888
646 889
646 957
647 649
647 781
647 845
647 852
647 933
648 736
648 845
649 667
649 881
649 908
649 913
649 992
649 997
650 655
650 674
650 862
650 994
651 657
651 669
651 698
651 763
651 787
651 836
651 881
651 905
651 932
651 991
652 658
652 732
652 836
652 845
652 856
652 893
652 932
653 700
653 771
654 709
654 728
654 797
654 845
654 886
654 973
655 676
655 687
655 691
655 699
655 701
655 732
655 908
655 924
655 929
655 949
655 989
656 768
656 927
656 942
656 985
657 691
657 986
658 699
658 703
658 872
658 930
658 991
659 699
659 731
659 778
659 856
659 898
659 902
659 930
659 967
660 692
660 932
661 669
661 716
661 779
661 780
661 886
662 852
662 868
662 891
663 833
663 839
663 881
664 677
664 723
664 890
664 894
664 902
665 835
665 900
666 754
666 778
666 821
666 854
666 908
667 1000
668 718
668 768
668 854
668 855
668 879
669 691
669 710
669 749
670 676
670 704
670 709
670 740
670 756
670 795
670 833
670 845
670 854
670 863
670 876
670 888
670 894
670 902
670 922
670 929
670 952
671 673
671 674
671 677
671 690
671 806
671 870
671 941
671 944
671 998
672 682
672 683
672 684
672 690
672 787
673 694
673 794
673 974
673 975
674 684
674 688
674 753
674 831
675 679
675 680
675 824
675 863
675 886
675 931
676 680
676 691
676 755
676 768
676 776
676 778
676 821
676 823
676 836
676 887
676 907
677 688
677 793
679 695
679 730
679 739
679 769
679 790
679 838
679 922
679 944
679 970
680 771
680 793
680 824
680 839
680 850
680 892
680 900
680 911
680 926
680 966
681 682
681 686
681 690
681 709
681 889
681 949
682 686
682 692
682 694
682 696
682 797
682 806
682 885
683 685
683 688
683 768
683 859
683 901
684 686
684 694
684 696
684 758
685 696
685 698
685 880
685 928
685 931
686 688
686 692
686 696
686 759
686 769
686 786
686 871
687 691
687 731
687 758
687 856
687 931
688 833
689 750
689 756
689 810
689 836
689 845
689 886
689 889
689 890
689 928
689 944
689 966
689 994
691 695
691 732
691 750
691 753
691 784
691 786
691 828
691 856
691 860
691 873
691 887
691 941
691 951
692 711
692 901
692 928
693 761
693 839
694 803
694 817
694 860
694 959
694 967
695 700
695 718
695 780
695 808
695 826
695 845
695 867
695 891
695 898
695 899
695 921
695 935
696 701
696 790
696 887
696 955
697 704
697 707
697 710
697 749
697 753
697 796
697 888
697 985
698 699
698 701
698 704
698 707
698 709
698 711
698 716
698 721
698 724
698 729
698 730
698 734
698 746
698 751
698 752
698 754
698 768
698 777
698 821
699 700
699 704
699 707
699 709
699 713
699 723
699 739
699 744
699 745
699 943
700 701
700 703
700 704
700 708
700 709
700 711
700 721
700 722
700 723
700 727
700 732
700 734
700 736
700 737
700 742
700 746
700 747
700 749
700 750
700 753
700 778
700 833
700 907
700 920
701 704
701 707
701 709
701 710
701 711
701 713
701 714
701 719
701 723
701 730
701 739
701 740
701 745
701 747
701 750
701 751
701 752
701 753
701 754
701 756
701 758
701 784
701 790
701 836
701 875
701 888
701 976
701 988
702 709
702 716
702 720
702 729
702 738
702 740
702 750
703 715
703 727
703 746
703 750
703 907
704 706
704 708
704 711
704 713
704 715
704 718
704 720
704 729
704 731
704 734
704 738
704 753
704 764
704 867
704 881
704 884
704 895
704 897
705 717
705 723
705 729
705 730
705 732
705 738
705 739
705 743
705 794
705 845
706 712
706 720
706 722
706 736
706 740
706 741
706 745
706 746
706 753
706 781
706 826
706 890
706 916
707 723
707 750
707 905
707 919
707 973
708 711
708 726
708 739
708 744
708 920
709 710
709 713
709 714
709 722
709 726
709 727
709 728
709 732
709 733
709 734
709 736
709 739
709 740
709 742
709 746
709 747
709 750
709 753
709 769
709 856
709 931
710 723
710 724
710 728
710 734
710 739
710 745
710 889
710 998
711 718
711 721
711 723
711 724
711 728
711 730
711 731
711 732
711 733
711 737
711 740
711 742
711 746
711 750
711 751
711 752
711 753
711 767
711 820
711 866
711 886
711 899
711 925
712 724
712 728
712 731
712 736
712 844
713 715
713 721
713 728
713 731
713 740
713 742
713 808
713 832
713 872
713 879
713 897
713 952
714 743
714 744
714 750
714 751
715 720
715 746
715 749
715 764
715 876
716 718
716 719
716 736
716 739
716 742
716 746
716 748
716 751
716 754
716 835
716 944
716 988
717 723
717 725
717 732
717 753
717 903
717 995
718 722
718 723
718 726
718 732
718 740
718 741
718 752
718 759
718 774
718 899
719 720
719 730
719 753
719 766
719 770
719 989
720 722
720 746
720 754
720 866
720 889
721 723
721 740
721 742
721 747
721 772
721 811
721 889
722 723
722 748
722 750
722 795
722 855
722 876
722 880
723 726
723 727
723 730
723 731
723 735
723 740
723 742
723 746
723 748
723 750
723 752
723 754
723 769
723 869
723 875
723 890
723 995
724 742
724 746
724 753
724 810
724 826
725 732
725 742
725 746
725 753
725 754
725 806
726 730
726 749
726 983
727 729
727 733
727 735
727 744
727 746
727 748
727 891
727 917
727 965
727 977
728 731
728 752
728 836
729 740
729 746
729 995
730 739
730 740
730 741
730 754
730 852
730 956
731 751
732 749
732 750
732 753
732 866
732 929
733 740
733 741
733 751
733 753
733 929
733 986
734 749
734 751
734 753
734 820
734 825
734 886
735 739
735 740
735 741
735 744
735 863
735 928
736 754
736 808
737 743
737 746
737 750
738 739
738 740
738 745
738 748
738 753
738 866
738 958
739 753
739 844
739 872
739 902
739 908
739 925
740 744
740 750
740 753
740 754
740 809
740 811
740 822
740 867
740 891
740 914
741 898
742 747
742 867
742 901
742 932
743 745
743 747
743 780
743 946
743 978
744 902
744 922
744 950
745 750
745 751
745 874
746 751
746 755
746 799
746 835
746 846
746 851
746 986
747 753
747 754
747 806
747 842
747 887
747 890
748 749
748 912
748 920
748 938
749 750
749 778
749 890
749 894
749 926
750 751
750 752
750 753
750 845
750 863
750 884
750 887
751 753
751 789
751 825
751 835
751 889
751 894
751 989
752 757
753 790
753 826
753 856
753 901
754 768
754 867
754 970
755 759
755 761
755 764
755 769
755 772
755 774
755 923
756 768
756 776
756 808
756 815
756 817
756 883
756 887
756 950
756 971
756 994
757 762
757 876
758 761
758 763
758 764
758 769
758 770
758 836
758 932
759 760
759 761
759 763
759 764
759 769
759 777
759 833
759 869
759 959
760 763
760 769
760 772
760 774
760 777
760 986
761 770
761 774
761 807
761 888
761 933
761 961
763 765
763 766
763 770
763 773
763 836
763 873
763 958
764 777
765 767
765 901
766 771
766 772
766 774
766 777
767 920
767 939
767 946
768 845
768 848
768 926
768 988
768 992
769 777
769 899
770 925
771 776
771 881
771 915
771 947
772 773
772 774
772 778
772 981
773 797
773 854
775 776
775 778
775 812
775 878
775 895
775 922
775 927
775 976
776 778
776 799
776 861
776 868
776 963
778 801
778 845
778 863
778 889
778 978
779 780
779 782
779 785
779 794
779 798
779 800
779 801
779 803
779 806
779 829
779 858
780 787
780 788
780 797
780 798
780 802
780 804
780 805
780 860
781 782
781 794
781 799
781 803
781 805
781 980
782 784
782 785
782 796
782 798
782 805
782 807
782 888
782 931
783 793
783 798
783 802
783 803
783 814
783 877
784 786
784 787
784 789
784 790
784 800
784 804
784 882
785 786
785 788
785 790
785 793
785 797
785 799
785 824
785 845
785 889
785 901
786 790
786 794
786 797
786 802
786 803
786 864
787 792
787 803
787 805
787 986
788 789
788 790
788 793
788 834
789 790
789 798
789 799
789 806
789 807
789 917
789 974
790 791
790 798
790 800
790 801
790 804
790 806
790 807
790 867
790 944
791 800
791 802
791 803
791 944
791 958
791 988
792 801
792 804
792 807
792 953
793 800
793 807
793 855
793 900
794 798
794 800
794 801
794 805
794 866
794 877
795 844
795 845
795 863
795 890
795 925
795 928
795 931
795 995
796 797
796 801
796 877
797 800
797 805
797 806
797 911
797 931
798 801
798 802
798 804
798 806
798 910
799 800
799 801
799 803
799 804
799 806
799 889
800 801
800 962
801 804
801 807
801 896
803 928
803 930
804 871
805 806
806 897
806 986
808 832
808 836
808 881
808 894
808 898
808 906
808 981
809 817
809 819
809 821
809 824
809 828
809 829
809 837
809 838
809 839
809 840
809 846
809 850
809 883
809 922
809 962
809 977
810 813
810 820
810 821
810 822
810 834
810 840
810 843
810 925
810 946
811 812
811 814
811 817
811 820
811 841
811 886
812 821
812 831
812 835
812 837
812 839
812 840
812 847
812 867
813 814
813 819
813 822
813 826
813 829
813 844
813 846
814 822
814 826
814 830
814 832
814 833
814 837
814 846
814 922
814 956
815 821
815 822
815 824
815 825
815 828
815 832
815 837
815 846
816 820
816 839
816 841
816 850
817 820
817 838
817 839
817 842
818 821
818 823
818 831
818 834
818 842
818 844
818 850
819 823
819 827
819 839
819 840
819 843
819 846
819 847
819 850
819 986
820 821
820 824
820 831
820 833
820 838
820 840
820 848
820 923
821 823
821 824
821 825
821 826
821 827
821 832
821 834
821 837
821 838
821 840
821 845
821 904
821 907
821 988
822 823
822 824
822 834
822 839
822 904
822 905
823 824
823 825
823 828
823 834
823 835
823 837
823 840
823 844
823 849
823 855
823 872
823 886
823 906
824 831
824 833
824 835
824 838
824 839
824 894
824 951
825 826
825 830
825 834
825 835
825 839
825 844
825 847
825 848
825 850
825 890
825 940
826 827
826 828
826 832
826 833
826 834
826 840
826 843
826 850
826 902
826 905
826 996
827 830
827 832
827 833
827 847
828 829
828 836
828 841
828 846
828 849
828 850
828 869
829 833
829 835
829 838
829 847
829 849
829 850
829 866
830 834
830 838
830 850
830 893
830 918
831 835
831 837
831 839
831 846
832 842
832 865
833 837
833 839
833 840
833 842
833 848
833 850
833 897
833 999
834 842
834 844
835 838
835 839
835 840
835 842
835 843
835 850
835 889
835 901
836 845
836 852
836 891
836 905
836 950
837 840
837 844
837 848
837 913
838 839
838 841
838 843
838 848
838 850
838 925
838 954
838 958
839 846
839 850
839 865
839 990
840 843
840 844
840 846
840 847
840 849
840 850
840 952
841 843
841 846
841 901
842 848
842 912
842 934
843 863
844 846
844 849
845 864
845 865
845 867
845 890
845 903
845 922
845 946
845 958
845 978
846 848
846 850
847 893
850 873
850 902
850 922
850 926
850 949
851 862
851 866
851 871
851 925
851 971
852 873
852 875
852 890
852 917
852 928
853 864
853 866
853 874
853 919
853 930
853 950
853 993
854 863
854 882
854 914
854 924
854 926
855 868
855 874
855 881
855 882
855 888
855 890
855 904
855 905
855 907
855 913
855 932
855 950
856 860
856 871
856 873
856 879
856 880
856 881
856 884
856 889
856 912
856 922
856 924
856 931
856 995
857 881
857 909
857 922
857 929
857 965
858 872
858 889
858 890
858 905
858 931
858 932
859 879
859 906
859 912
859 913
860 873
860 881
860 889
861 869
861 897
861 930
861 934
862 881
862 900
862 925
862 929
863 867
863 868
863 877
863 883
863 886
863 890
863 894
863 901
863 906
863 923
863 924
863 926
863 931
864 903
864 905
864 914
864 915
864 952
865 883
865 901
865 902
865 903
865 928
866 876
866 881
866 888
866 893
866 901
866 902
866 910
866 928
866 931
866 953
867 871
867 873
867 874
867 877
867 885
867 886
867 888
867 889
867 891
867 901
867 907
867 918
867 920
867 922
867 925
867 929
867 932
867 952
867 997
868 873
868 876
868 916
868 933
869 912
869 930
869 933
870 886
870 887
870 894
870 925
870 944
871 880
871 886
871 887
871 894
871 901
871 902
871 915
871 927
871 928
871 935
871 939
872 900
872 915
872 925
873 891
873 896
873 897
873 901
873 913
873 929
873 936
873 988
873 989
874 876
874 889
874 925
874 970
875 876
875 891
875 901
875 922
876 879
876 883
876 886
876 887
876 894
876 895
876 898
876 900
876 901
876 921
876 932
876 933
876 980
877 886
877 912
877 920
877 925
878 879
878 886
878 889
878 890
878 976
878 984
879 974
880 901
880 903
881 882
881 888
881 889
881 890
881 899
881 901
881 906
881 908
881 911
881 919
881 929
881 935
881 950
881 984
881 991
882 888
882 890
882 894
882 914
882 962
883 885
883 886
883 916
883 918
884 887
884 904
884 905
884 932
884 933
885 900
885 907
885 911
885 921
885 958
886 890
886 893
886 896
886 904
886 911
886 918
886 919
886 936
886 940
886 950
886 970
887 888
887 890
887 893
887 897
887 899
887 901
887 916
887 929
887 932
887 934
888 891
888 901
888 935
888 955
889 895
889 911
889 915
889 916
889 925
889 929
889 935
889 936
889 964
890 894
890 899
890 901
890 902
890 903
890 907
890 910
890 920
890 929
890 944
890 948
890 961
890 973
890 980
891 896
891 926
891 927
892 913
892 922
892 929
892 931
893 899
893 906
893 918
893 925
894 896
894 902
894 903
894 905
894 907
894 925
894 928
894 962
895 902
895 904
895 919
896 982
897 925
897 929
897 934
898 904
898 922
898 927
898 930
898 931
898 995
899 922
899 925
900 902
900 917
900 919
900 925
900 930
900 994
901 903
901 905
901 915
901 927
901 938
901 945
901 988
902 905
902 908
902 909
902 915
902 920
902 926
902 929
902 951
902 976
902 988
902 998
903 912
903 925
903 976
904 907
904 925
904 931
905 910
905 912
905 922
905 947
905 987
905 995
906 928
907 918
907 996
908 923
908 931
908 932
908 933
908 936
908 950
908 998
909 922
909 928
910 914
912 929
912 931
913 931
913 933
914 956
914 972
915 930
915 931
916 924
916 930
916 934
916 970
916 976
917 924
917 928
917 929
918 922
918 927
918 930
918 933
921 923
921 930
922 927
922 930
922 985
923 928
923 975
924 976
925 928
925 962
926 952
926 979
927 965
928 936
928 949
929 933
930 950
930 952
931 955
932 948
935 953
937 945
937 956
937 959
937 960
937 966
937 989
937 994
938 944
938 945
938 947
938 955
938 962
938 973
938 984
938 988
938 998
939 944
939 945
939 947
939 951
939 955
939 971
939 978
939 984
939 986
939 989
939 992
940 949
940 952
940 953
940 973
940 974
940 983
940 987
941 955
941 958
941 978
941 988
941 993
941 998
942 950
942 952
942 955
942 964
942 993
942 1000
943 950
943 951
943 952
943 958
943 972
943 978
944 946
944 947
944 948
944 950
944 951
944 952
944 954
944 957
944 958
944 960
944 961
944 962
944 965
944 967
944 970
944 976
944 978
944 983
944 984
944 985
944 988
944 992
944 1000
945 964
945 974
945 979
945 988
945 994
945 998
946 949
946 953
946 958
946 959
946 962
946 971
946 976
946 980
947 950
947 951
947 960
947 967
947 968
947 971
947 972
947 993
948 957
948 960
948 985
948 993
948 998
949 957
949 962
949 965
949 978
949 984
949 995
949 997
950 954
950 955
950 956
950 958
950 962
950 966
950 967
950 977
950 979
950 980
950 983
950 985
950 986
950 988
950 990
950 992
950 994
950 995
950 996
951 962
951 964
951 966
951 973
951 975
951 983
951 984
951 989
951 992
951 998
952 953
952 959
952 962
952 964
952 966
952 972
952 976
952 978
952 989
952 992
952 995
952 997
952 998
953 957
953 960
953 963
953 970
953 974
953 979
953 982
953 984
953 985
953 992
953 996
954 955
954 971
954 992
955 958
955 984
955 986
955 996
956 962
956 978
956 983
956 990
957 984
957 996
957 999
958 962
958 975
958 976
958 982
958 985
958 986
958 988
958 990
958 995
958 998
959 976
959 981
959 986
960 962
960 966
960 968
960 970
960 977
960 978
960 994
961 978
961 981
961 984
961 988
961 992
962 965
962 974
962 976
962 977
962 980
962 985
962 986
962 988
962 989
962 1000
963 971
963 980
963 986
963 989
963 993
964 983
964 999
965 969
965 975
965 989
965 990
965 1000
966 967
966 973
966 980
966 988
966 989
966 990
966 992
966 993
966 995
967 971
967 978
968 970
968 976
968 978
968 989
968 997
969 980
969 988
969 990
969 992
969 997
970 977
970 978
970 979
970 980
970 984
970 985
970 988
970 996
971 995
972 976
972 981
972 985
972 986
972 994
972 999
973 986
973 988
973 995
974 984
974 994
975 976
975 988
975 992
976 977
976 979
976 980
976 986
976 988
976 992
976 997
976 1000
977 981
977 999
978 983
978 984
978 987
978 988
978 989
978 996
979 984
980 988
980 989
980 995
980 996
980 999
981 994
982 985
982 987
982 989
982 993
983 988
983 998
984 986
984 988
984 991
984 992
984 997
984 999
985 991
985 995
985 998
986 987
986 988
986 995
987 990
987 998
988 992
988 995
988 999
988 1000
989 1000
990 993
990 994
991 992
991 995
991 998
991 999
992 995
994 995
994 996
994 998
994 999
995 999
996 997
996 998
996 999
