1 793
2 807
3 2
4 793
5 855
6 2
7 793
8 900
9 2
10 794
11 798
12 2
13 794
14 800
15 2
16 794
17 801
18 2
19 794
20 805
21 2
22 794
23 866
24 1074934530
25 794
26 877
27 2
28 795
29 844
30 2
31 795
32 845
33 2
34 795
35 861
36 1
37 795
38 863
39 2
40 795
41 890
42 2
43 795
44 918
45 1
46 795
47 925
48 2
49 795
50 928
51 2
52 795
53 931
54 2
55 795
56 995
57 2
58 796
59 797
60 2
61 796
62 801
63 2
64 796
65 877
66 2
67 797
68 800
69 2
70 797
71 805
72 2
73 797
74 806
75 2
76 797
77 911
78 2
79 797
80 931
81 2
82 798
83 801
84 2
85 798
86 802
87 2
88 798
89 804
90 2
91 798
92 806
93 2
94 798
95 834
96 1
97 798
98 897
99 1
100 798
101 910
102 2
103 799
104 800
105 2
106 799
107 801
108 2
109 799
110 803
111 2
112 799
113 804
114 2
115 799
116 806
117 2
118 799
119 889
120 2
121 800
122 801
123 2
124 800
125 962
126 2
127 801
128 804
129 2
130 801
131 807
132 2
133 801
134 894
135 1
136 801
137 896
138 2
139 803
140 928
141 2
142 803
143 930
144 2
145 804
146 871
147 2
148 805
149 806
150 2
151 806
152 897
153 2
154 806
155 986
156 2
157 808
158 832
159 2
160 808
161 836
162 2
163 808
164 881
165 2
166 808
167 894
168 2
169 808
170 898
171 2
172 808
173 906
174 2
175 808
176 981
177 2
178 809
179 817
180 2
181 809
182 819
183 2
184 809
185 821
186 2
187 809
188 824
189 2
190 809
191 828
192 2
193 809
194 829
195 2
196 809
197 837
198 2
199 809
200 838
201 2
202 809
203 839
204 2
205 809
206 840
207 2
208 809
209 846
210 2
211 809
212 850
213 2
214 809
215 883
216 2
217 809
218 922
219 2
220 809
221 962
222 1073990658
223 809
224 977
225 2
226 810
227 813
228 2
229 810
230 820
231 2
232 810
233 821
234 2
235 810
236 822
237 2
238 810
239 834
240 2
241 810
242 840
243 2
244 810
245 843
246 2
247 810
248 925
249 2
250 810
251 946
252 2
253 811
254 812
255 2
256 811
257 814
258 2
259 811
260 817
261 2
262 811
263 820
264 2
265 811
266 841
267 2
268 811
269 886
270 2
271 812
272 821
273 2
274 812
275 831
276 2
277 812
278 835
279 2
280 812
281 837
282 2
283 812
284 839
285 2
286 812
287 840
288 2
289 812
290 847
291 2
292 812
293 867
294 2
295 813
296 814
297 2
298 813
299 819
300 2
301 813
302 822
303 2
304 813
305 826
306 2
307 813
308 829
309 2
310 813
311 844
312 2
313 813
314 846
315 2
316 814
317 822
318 2
319 814
320 826
321 2
322 814
323 830
324 2
325 814
326 832
327 2
328 814
329 833
330 2
331 814
332 837
333 2
334 814
335 846
336 2
337 814
338 922
339 2
340 814
341 956
342 2
343 815
344 821
345 2
346 815
347 822
348 2
349 815
350 824
351 2
352 815
353 825
354 2
355 815
356 828
357 2
358 815
359 832
360 2
361 815
362 837
363 2
364 815
365 846
366 2
367 816
368 820
369 2
370 816
371 839
372 2
373 816
374 841
375 2
376 816
377 850
378 2
379 817
380 820
381 2
382 817
383 838
384 2
385 817
386 839
387 2
388 817
389 842
390 2
391 818
392 821
393 2
394 818
395 823
396 2
397 818
398 831
399 2
400 818
401 834
402 2
403 818
404 842
405 2
406 818
407 844
408 2
409 818
410 850
411 2
412 819
413 823
414 2
415 819
416 827
417 2
418 819
419 839
420 2
421 819
422 840
423 2
424 819
425 843
426 2
427 819
428 846
429 2
430 819
431 847
432 2
433 819
434 850
435 2
436 819
437 986
438 2
439 820
440 821
441 2
442 820
443 824
444 2
445 820
446 831
447 2
448 820
449 833
450 2
451 820
452 838
453 2
454 820
455 840
456 2
457 820
458 848
459 2
460 820
461 923
462 2
463 821
464 823
465 2
466 821
467 824
468 2
469 821
470 825
471 2
472 821
473 826
474 2
475 821
476 827
477 2
478 821
479 832
480 2
481 821
482 834
483 2
484 821
485 837
486 2
487 821
488 838
489 2
490 821
491 840
492 2
493 821
494 845
495 2
496 821
497 904
498 2
499 821
500 907
501 2
502 821
503 988
504 2
505 822
506 823
507 2
508 822
509 824
510 2
511 822
512 834
513 2
514 822
515 839
516 2
517 822
518 904
519 2
520 822
521 905
522 2
523 823
524 824
525 2
526 823
527 825
528 2
529 823
530 828
531 2
532 823
533 834
534 2
535 823
536 835
537 2
538 823
539 837
540 2
541 823
542 840
543 2
544 823
545 844
546 2
547 823
548 849
549 2
550 823
551 855
552 2
553 823
554 872
555 2
556 823
557 886
558 2
559 823
560 906
561 2
562 824
563 831
564 2
565 824
566 833
567 2
568 824
569 835
570 2
571 824
572 838
573 2
574 824
575 839
576 2
577 824
578 894
579 2
580 824
581 951
582 2
583 825
584 826
585 2
586 825
587 830
588 2
589 825
590 834
591 2
592 825
593 835
594 2
595 825
596 839
597 2
598 825
599 844
600 2
601 825
602 847
603 2
604 825
605 848
606 2
607 825
608 850
609 2
610 825
611 890
612 2
613 825
614 940
615 2
616 826
617 827
618 2
619 826
620 828
621 2
622 826
623 832
624 2
625 826
626 833
627 2
628 826
629 834
630 2
631 826
632 840
633 2
634 826
635 843
636 2
637 826
638 850
639 2
640 826
641 902
642 2
643 826
644 905
645 2
646 826
647 996
648 2
649 827
650 830
651 2
652 827
653 832
654 2
655 827
656 833
657 2
658 827
659 847
660 2
661 828
662 829
663 2
664 828
665 836
666 2
667 828
668 841
669 2
670 828
671 846
672 2
673 828
674 849
675 2
676 828
677 850
678 2
679 828
680 869
681 2
682 829
683 833
684 2
685 829
686 835
687 2
688 829
689 838
690 2
691 829
692 847
693 2
694 829
695 849
696 2
697 829
698 850
699 2
700 829
701 866
702 2
703 830
704 834
705 2
706 830
707 838
708 2
709 830
710 850
711 2
712 830
713 893
714 2
715 830
716 918
717 2
718 831
719 835
720 2
721 831
722 837
723 2
724 831
725 839
726 2
727 831
728 846
729 2
730 832
731 842
732 2
733 832
734 865
735 2
736 833
737 837
738 2
739 833
740 839
741 2
742 833
743 840
744 2
745 833
746 842
747 2
748 833
749 848
750 2
751 833
752 850
753 2
754 833
755 897
756 2
757 833
758 999
759 1074737922
760 834
761 842
762 2
763 834
764 844
765 2
766 835
767 838
768 2
769 835
770 839
771 2
772 835
773 840
774 2
775 835
776 842
777 2
778 835
779 843
780 2
781 835
782 850
783 2
784 835
785 889
786 2
787 835
788 901
789 2
790 836
791 845
792 2
793 836
794 852
795 2
796 836
797 891
798 2
799 836
800 905
801 2
802 836
803 950
804 2
805 837
806 840
807 2
808 837
809 844
810 2
811 837
812 848
813 2
814 837
815 876
816 1
817 837
818 913
819 2
820 838
821 839
822 2
823 838
824 841
825 2
826 838
827 843
828 2
829 838
830 848
831 2
832 838
833 850
834 2
835 838
836 925
837 2
838 838
839 954
840 2
841 838
842 958
843 2
844 839
845 846
846 2
847 839
848 850
849 2
850 839
851 865
852 2
853 839
854 990
855 2
856 840
857 843
858 2
859 840
860 844
861 2
862 840
863 846
864 2
865 840
866 847
867 2
868 840
869 849
870 2
871 840
872 850
873 2
874 840
875 952
876 2
877 841
878 843
879 2
880 841
881 846
882 2
883 841
884 901
885 2
886 842
887 848
888 2
889 842
890 912
891 2
892 842
893 934
894 2
895 843
896 863
897 2
898 844
899 846
900 2
901 844
902 849
903 2
904 845
905 864
906 2
907 845
908 865
909 2
910 845
911 867
912 2
913 845
914 890
915 2
916 845
917 903
918 2
919 845
920 922
921 1075360514
922 845
923 946
924 2
925 845
926 958
927 2
928 845
929 978
930 2
931 846
932 848
933 2
934 846
935 850
936 2
937 846
938 975
939 1
940 847
941 893
942 1075393282
943 850
944 873
945 2
946 850
947 902
948 2
949 850
950 922
951 2
952 850
953 926
954 2
955 850
956 949
957 2
958 851
959 862
960 2
961 851
962 866
963 2
964 851
965 871
966 2
967 851
968 925
969 2
970 851
971 971
972 -1717987070
973 852
974 873
975 2
976 852
977 875
978 2
979 852
980 890
981 2
982 852
983 917
984 2
985 852
986 928
987 2
988 853
989 864
990 2
991 853
992 866
993 2
994 853
995 874
996 2
997 853
998 919
999 2
1000 853
